AAPL,NVDA,TSLA
0,0,0
0,0,0
0,0,0
0,0,0
0,0,0
0,0,0
0,0,0
0,0,0
0,0,0
0.204254,0.419008,0.376738
0.210832,0.413809,0.375359
0.274046,0.370643,0.355311
0.282195,0.375822,0.341983
0.245386,0.413336,0.341279
0.254352,0.403914,0.341734
0.263141,0.394862,0.341997
0.262137,0.395887,0.341976
0.260463,0.397602,0.341936
0.271609,0.383934,0.344456
0.282917,0.367767,0.349316
0.29183,0.346546,0.361624
0.351958,0.315557,0.332485
0.379871,0.304913,0.315216
0.253854,0.388227,0.357919
0.276779,0.37192,0.351301
0.332369,0.327948,0.339682
0.28819,0.392417,0.319394
0.315883,0.351631,0.332485
0.28103,0.410646,0.308323
0.215509,0.518891,0.265601
0.214785,0.434598,0.350618
0.242046,0.39258,0.365373
0.222878,0.421051,0.356072
0.217758,0.409941,0.372301
0.218414,0.41985,0.361736
0.241269,0.391705,0.367026
0.275094,0.367543,0.357363
0.291331,0.364403,0.344266
0.276064,0.368988,0.354948
0.285566,0.366967,0.347467
0.29177,0.362773,0.345457
0.294571,0.357953,0.347477
0.299585,0.354541,0.345874
0.300008,0.356072,0.34392
0.298204,0.360403,0.341393
0.283478,0.372711,0.34381
0.284812,0.373043,0.342145
0.298798,0.359605,0.341598
0.268615,0.389312,0.342073
0.287566,0.370525,0.34191
0.289177,0.368731,0.342092
0.276124,0.381804,0.342071
0.269598,0.388322,0.34208
0.251644,0.40674,0.341617
0.274041,0.380877,0.345082
0.2805,0.369535,0.349965
0.283033,0.371932,0.345035
0.273129,0.37887,0.348002
0.276564,0.371381,0.352056
0.272079,0.37296,0.35496
0.256783,0.388257,0.35496
0.275512,0.37482,0.349668
0.275122,0.374668,0.35021
0.278643,0.370569,0.350787
0.283702,0.361108,0.35519
0.291572,0.360577,0.347851
0.298887,0.35136,0.349753
0.306121,0.352393,0.341486
0.293982,0.35877,0.347248
0.283912,0.36572,0.350368
0.294253,0.347667,0.35808
0.315928,0.336231,0.34784
0.375811,0.309541,0.314648
0.369551,0.316279,0.31417
0.293183,0.362063,0.344754
0.28318,0.371798,0.345022
0.275705,0.377207,0.347089
0.282827,0.366747,0.350426
0.291285,0.366369,0.342346
0.293117,0.36467,0.342213
0.286899,0.365287,0.347814
0.283896,0.368445,0.347659
0.289533,0.365875,0.344592
0.293944,0.359853,0.346203
0.292375,0.358831,0.348794
0.296871,0.354679,0.34845
0.29702,0.354216,0.348764
0.290041,0.362513,0.347446
0.288178,0.363419,0.348403
0.257967,0.400169,0.341864
0.260386,0.39768,0.341934
0.255233,0.402998,0.341768
0.269452,0.388469,0.342079
0.212068,0.450166,0.337766
0.227943,0.432242,0.339816
0.218203,0.443153,0.338644
0.20637,0.456781,0.336849
0.225781,0.43464,0.339579
0.235782,0.423647,0.340571
0.276741,0.381193,0.342066
0.258733,0.39938,0.341887
0.236465,0.422907,0.340629
0.220927,0.440074,0.338999
0.268375,0.389554,0.342071
0.252317,0.406036,0.341648
0.269998,0.38792,0.342082
0.2735,0.384415,0.342086
0.264619,0.393357,0.342024
0.277452,0.380037,0.342512
0.282647,0.369673,0.34768
0.292515,0.358794,0.34869
0.270599,0.369648,0.359753
0.268451,0.37106,0.360489
0.252147,0.381897,0.365956
0.243276,0.387885,0.368839
0.244171,0.388048,0.367781
0.199029,0.421499,0.379471
0.226663,0.404003,0.369333
0.278745,0.366686,0.354569
0.300085,0.353562,0.346353
0.302755,0.355074,0.342171
0.305848,0.35249,0.341662
0.308626,0.349325,0.342048
0.274544,0.369345,0.356111
0.200593,0.432791,0.366616
0.228459,0.401414,0.370127
0.294483,0.355446,0.35007
0.248105,0.385647,0.366248
0.228442,0.399041,0.372517
0.220291,0.403741,0.375968
0.218242,0.40518,0.376578
0.209587,0.41131,0.379103
0.205328,0.414358,0.380315
0.223573,0.401445,0.374982
0.230865,0.407525,0.361609
0.236075,0.392799,0.371127
0.18236,0.431185,0.386455
0.18649,0.428107,0.385403
0.189543,0.425847,0.38461
0.200918,0.417536,0.381546
0.19778,0.419812,0.382408
0.192823,0.423433,0.383744
0.198614,0.419206,0.38218
0.212508,0.409232,0.37826
0.220054,0.403908,0.376039
0.24204,0.388726,0.369235
0.259698,0.377729,0.362573
0.242024,0.392607,0.365369
0.256381,0.382173,0.361446
0.266431,0.372392,0.361178
0.279274,0.36398,0.356746
0.281027,0.369903,0.34907
0.272799,0.374511,0.35269
0.282117,0.364195,0.353688
0.297702,0.35686,0.345437
0.375017,0.315511,0.309472
0.377052,0.311758,0.311191
0.297897,0.357567,0.344535
0.330954,0.335891,0.333155
0.362294,0.315347,0.32236
0.302327,0.356043,0.34163
0.300649,0.355739,0.343613
0.30426,0.35091,0.34483
0.260383,0.410525,0.329091
0.234551,0.457103,0.308346
0.26532,0.381852,0.352827
0.303107,0.349958,0.346935
0.300667,0.353935,0.345399
0.294072,0.363153,0.342775
0.282657,0.365874,0.35147
0.322073,0.337714,0.340214
0.280239,0.354376,0.365385
0.270141,0.366053,0.363807
0.249382,0.395247,0.35537
0.254539,0.391636,0.353825
0.275184,0.358793,0.366023
0.317353,0.321452,0.361195
0.352546,0.311299,0.336155
0.338435,0.338458,0.323107
0.242355,0.469128,0.288517
0.23281,0.488284,0.278906
0.223199,0.515394,0.261407
0.23838,0.479005,0.282615
0.236677,0.479952,0.283372
0.234422,0.45585,0.309728
0.263177,0.374542,0.36228
0.277693,0.365896,0.356411
0.296127,0.35312,0.350752
0.289477,0.362807,0.347716
0.291716,0.366497,0.341787
0.252758,0.405575,0.341667
0.264933,0.393037,0.342029
0.285289,0.372802,0.341909
0.268328,0.389601,0.342071
0.27219,0.385723,0.342087
0.259553,0.394419,0.346028
0.269249,0.382291,0.348459
0.277214,0.37931,0.343476
0.294932,0.381787,0.323281
0.299677,0.361221,0.339103
0.228814,0.402956,0.36823
0.262352,0.377687,0.35996
0.280669,0.364082,0.355249
0.274057,0.368599,0.357344
0.290253,0.356884,0.352863
0.294893,0.357673,0.347434
0.289851,0.362753,0.347396
0.278193,0.377153,0.344653
0.278251,0.379476,0.342273
0.283151,0.374678,0.342171
0.278619,0.379337,0.342044
0.282292,0.375727,0.341981
0.284504,0.373567,0.341929
0.292257,0.366072,0.341671
0.306518,0.351775,0.341706
0.30184,0.350858,0.347302
0.299132,0.35561,0.345259
0.303241,0.354213,0.342546
0.303175,0.349234,0.34759
0.29964,0.351303,0.349057
0.29697,0.357978,0.345051
0.266623,0.413976,0.319402
0.271857,0.399606,0.328537
0.284011,0.363836,0.352153
0.289258,0.363629,0.347114
0.301521,0.365331,0.333148
0.264053,0.417231,0.318717
0.254676,0.440753,0.304571
0.279979,0.368754,0.351268
0.27909,0.368985,0.351925
0.294875,0.359923,0.345202
0.274157,0.38376,0.342084
0.286164,0.371583,0.342253
0.29023,0.36802,0.34175
0.29894,0.359668,0.341392
0.308103,0.350805,0.341092
0.304427,0.354194,0.341379
0.302942,0.352331,0.344727
0.269979,0.391783,0.338239
0.263329,0.422717,0.313954
0.287207,0.392476,0.320316
0.267945,0.429575,0.30248
0.248242,0.449068,0.30269
0.227376,0.49809,0.274535
0.214728,0.53761,0.247662
0.225776,0.511404,0.26282
0.305582,0.360616,0.333802
0.30322,0.35225,0.34453
0.291506,0.357203,0.351291
0.312111,0.34218,0.345709
0.337691,0.325312,0.336997
0.324016,0.333064,0.34292
0.290045,0.362565,0.34739
0.286141,0.371243,0.342615
0.277492,0.38045,0.342058
0.263372,0.394585,0.342043
0.28101,0.374256,0.344735
0.266895,0.389509,0.343596
0.279649,0.373741,0.34661
0.286449,0.368482,0.345069
0.288388,0.36592,0.345692
0.292687,0.362912,0.344401
0.353813,0.318836,0.327351
0.37845,0.309569,0.311981
0.400144,0.2969,0.302957
0.363987,0.315619,0.320394
0.327673,0.34002,0.332307
0.330715,0.336032,0.333253
0.282953,0.371014,0.346033
0.278204,0.376099,0.345697
0.273727,0.379173,0.3471
0.312214,0.351278,0.336508
0.282449,0.372212,0.345339
0.289873,0.365659,0.344468
0.286136,0.371979,0.341885
0.295756,0.35683,0.347414
0.277472,0.365227,0.3573
0.221607,0.484773,0.293621
0.196706,0.558077,0.245217
0.174672,0.631773,0.193555
0.221533,0.502362,0.276105
0.206856,0.530277,0.262866
0.228079,0.432146,0.339775
0.252927,0.429354,0.317719
0.243511,0.450151,0.306338
0.285479,0.390448,0.324072
0.285078,0.402129,0.312793
0.292388,0.374127,0.333484
0.243832,0.462367,0.2938
0.263696,0.376954,0.35935
0.256542,0.381281,0.362177
0.294694,0.358473,0.346834
0.268433,0.408678,0.322888
0.253674,0.38357,0.362756
0.277636,0.367393,0.354971
0.27599,0.366479,0.357531
0.284693,0.361217,0.35409
0.283431,0.364142,0.352427
0.283392,0.369608,0.347001
0.280878,0.374255,0.344867
0.289682,0.364031,0.346287
0.290744,0.357492,0.351765
0.284381,0.360669,0.35495
0.281222,0.362715,0.356063
0.284191,0.360791,0.355017
0.280843,0.362961,0.356196
0.274454,0.367123,0.358423
0.269975,0.380956,0.34907
0.261753,0.395851,0.342396
0.258787,0.399324,0.341889
0.279977,0.377999,0.342024
0.280211,0.374547,0.345242
0.265607,0.39199,0.342403
0.273641,0.382206,0.344154
0.282429,0.372393,0.345178
0.293986,0.347756,0.358258
0.342589,0.32171,0.335701
0.282811,0.420313,0.296876
0.209489,0.543678,0.246833
0.223439,0.521137,0.255424
0.274174,0.436483,0.289343
0.294921,0.359674,0.345405
0.282298,0.375585,0.342117
0.29641,0.358176,0.345414
0.296305,0.358672,0.345023
0.283643,0.374406,0.341951
0.264095,0.391518,0.344387
0.244871,0.409187,0.345942
0.241717,0.4139,0.344383
0.231377,0.428456,0.340167
0.274065,0.380523,0.345412
0.297156,0.359822,0.343022
0.291962,0.366355,0.341683
0.300113,0.358266,0.341622
0.306246,0.35048,0.343274
0.306697,0.349152,0.344151
0.305167,0.351931,0.342902
0.299903,0.356647,0.343449
0.297355,0.357779,0.344866
0.28918,0.397296,0.313524
0.282435,0.365643,0.351922
0.265626,0.392334,0.34204
0.273604,0.384311,0.342085
0.293029,0.363911,0.343059
0.277669,0.380275,0.342056
0.290812,0.365849,0.343339
0.284797,0.367126,0.348077
0.281353,0.371587,0.34706
0.287632,0.366388,0.345979
0.27986,0.378114,0.342026
0.270307,0.38761,0.342083
0.298406,0.381917,0.319676
0.295513,0.39538,0.309107
0.292268,0.376776,0.330955
0.289695,0.375644,0.334662
0.289883,0.372044,0.338074
0.294801,0.371393,0.333806
0.276639,0.368394,0.354967
0.276489,0.367687,0.355824
0.28309,0.361504,0.355406
0.263735,0.374173,0.362092
0.282979,0.362967,0.354054
0.280432,0.373108,0.34646
0.276636,0.381297,0.342067
0.293293,0.36508,0.341628
0.292724,0.361658,0.345617
0.289108,0.365405,0.345487
0.321633,0.330246,0.348121
0.378482,0.314347,0.307172
0.271047,0.445935,0.283019
0.255772,0.469877,0.274351
0.227254,0.518569,0.254177
0.195847,0.564612,0.239541
0.207892,0.498007,0.294101
0.225495,0.481774,0.292731
0.249507,0.38836,0.362133
0.292837,0.365476,0.341688
0.344566,0.32302,0.332415
0.326888,0.33704,0.336072
0.295209,0.362404,0.342388
0.295413,0.361276,0.343311
0.292103,0.364826,0.343071
0.285253,0.36913,0.345617
0.290557,0.361046,0.348397
0.289673,0.36263,0.347697
0.294729,0.360016,0.345255
0.298771,0.357191,0.344039
0.299612,0.355808,0.34458
0.29907,0.356536,0.344394
0.201226,0.442665,0.35611
0.33459,0.325531,0.339878
0.284994,0.363555,0.351451
0.288641,0.360885,0.350474
0.300919,0.35158,0.347501
0.304394,0.350661,0.344945
0.303796,0.349725,0.34648
0.297203,0.360414,0.342383
0.295673,0.362579,0.341749
0.289803,0.368409,0.341788
0.223698,0.436965,0.339338
0.271675,0.386238,0.342087
0.272327,0.385585,0.342087
0.263211,0.39479,0.341999
0.244212,0.414584,0.341205
0.245453,0.413264,0.341283
0.250668,0.407762,0.34157
0.260053,0.398022,0.341925
0.252744,0.40559,0.341666
0.274271,0.383646,0.342083
0.268462,0.389466,0.342072
0.248624,0.40991,0.341465
0.255245,0.402986,0.341769
0.257496,0.400655,0.341849
0.266194,0.390932,0.342873
0.269611,0.38758,0.342809
0.274044,0.382915,0.343041
0.273806,0.381345,0.344849
0.288388,0.366608,0.345004
0.278002,0.377431,0.344567
0.277814,0.376023,0.346163
0.304178,0.355137,0.340685
0.28655,0.368674,0.344776
0.303493,0.356683,0.339824
0.336291,0.330427,0.333281
0.353476,0.316825,0.329699
0.342758,0.323716,0.333526
0.359139,0.320215,0.320646
0.297773,0.358549,0.343678
0.281041,0.372516,0.346443
0.280558,0.374254,0.345188
0.274767,0.378051,0.347181
0.289678,0.365167,0.345156
0.284668,0.369443,0.345889
0.271046,0.383105,0.345849
0.262028,0.391401,0.346572
0.263283,0.390382,0.346335
0.27447,0.379284,0.346246
0.292498,0.363586,0.343916
0.281661,0.37518,0.343159
0.28336,0.373492,0.343149
0.285595,0.372505,0.3419
0.287934,0.370236,0.34183
0.294474,0.362538,0.342989
0.295368,0.361934,0.342698
0.283946,0.374111,0.341943
0.302821,0.353945,0.343233
0.298549,0.358857,0.342594
0.295146,0.359869,0.344984
0.277675,0.375097,0.347228
0.237708,0.40886,0.353433
0.239769,0.407877,0.352354
0.244896,0.433647,0.321457
0.221201,0.487864,0.290935
0.233755,0.462645,0.3036
0.218204,0.485309,0.296487
0.254159,0.431916,0.313925
0.253443,0.463764,0.282793
0.254325,0.466034,0.279641
0.268681,0.469926,0.261393
0.294614,0.362736,0.34265
0.312066,0.343946,0.343988
0.312482,0.34221,0.345308
0.288767,0.361669,0.349564
0.30078,0.368008,0.331212
0.297487,0.36803,0.334483
0.30394,0.355025,0.341035
0.293007,0.374741,0.332252
0.29155,0.358956,0.349494
0.283396,0.361831,0.354773
0.229993,0.445774,0.324233
0.27689,0.398408,0.324701
0.260359,0.379618,0.360022
0.228415,0.403095,0.36849
0.211962,0.445739,0.3423
0.201775,0.458979,0.339246
0.202052,0.454234,0.343714
0.206363,0.454444,0.339192
0.231912,0.408208,0.35988
0.30818,0.354514,0.337306
0.306867,0.351755,0.341378
0.250064,0.391809,0.358127
0.260403,0.40935,0.330247
0.295046,0.361446,0.343509
0.291905,0.363409,0.344686
0.295162,0.360401,0.344437
0.309658,0.35082,0.339522
0.292467,0.362474,0.345059
0.286606,0.361643,0.351751
0.282563,0.363548,0.353888
0.26318,0.386815,0.350005
0.303264,0.352793,0.343942
0.295842,0.35556,0.348599
0.269963,0.37301,0.357028
0.282979,0.364458,0.352564
0.295356,0.355801,0.348843
0.295895,0.362596,0.341509
0.269265,0.388657,0.342078
0.266223,0.391728,0.342048
0.270883,0.387032,0.342085
0.287856,0.370311,0.341833
0.288246,0.369934,0.34182
0.281465,0.376538,0.341998
0.304465,0.354507,0.341028
0.290979,0.364019,0.345002
0.28786,0.36376,0.34838
0.281816,0.36803,0.350155
0.279409,0.363893,0.356699
0.282237,0.362889,0.354874
0.269161,0.372958,0.35788
0.286961,0.36237,0.35067
0.274913,0.369688,0.355399
0.276653,0.3699,0.353447
0.296379,0.359084,0.344537
0.299874,0.35664,0.343486
0.274041,0.379755,0.346203
0.263851,0.388312,0.347837
0.27602,0.375567,0.348413
0.291548,0.362099,0.346352
0.298789,0.356442,0.344769
0.298363,0.355435,0.346202
0.280238,0.36596,0.353802
0.274888,0.369238,0.355874
0.237597,0.395238,0.367165
0.211565,0.413382,0.375052
0.216578,0.408804,0.374618
0.165916,0.450386,0.383697
0.204261,0.416576,0.379163
0.199874,0.423947,0.37618
0.191778,0.436148,0.372074
0.225937,0.400971,0.373091
0.263009,0.374654,0.362337
0.28481,0.365075,0.350115
0.284024,0.369919,0.346057
0.276563,0.378288,0.345149
0.285384,0.368758,0.345858
0.263188,0.394814,0.341998
0.287723,0.369503,0.342773
0.274134,0.383782,0.342084
0.260806,0.39725,0.341945
0.274741,0.383178,0.342081
0.284795,0.373283,0.341922
0.285424,0.364898,0.349678
0.288326,0.369857,0.341817
0.284768,0.37038,0.344852
0.292877,0.361672,0.345451
0.354053,0.321728,0.324219
0.302582,0.355449,0.341969
0.297319,0.358248,0.344433
0.377995,0.314793,0.307211
0.349029,0.322448,0.328523
0.340358,0.32631,0.333332
0.350716,0.317476,0.331808
0.317589,0.34756,0.334851
0.356255,0.317282,0.326463
0.293393,0.387158,0.319449
0.28026,0.380093,0.339647
0.300884,0.355122,0.343994
0.295046,0.359652,0.345301
0.2881,0.368914,0.342987
0.268697,0.386863,0.34444
0.278715,0.379242,0.342043
0.276,0.381927,0.342072
0.289136,0.368647,0.342217
0.30186,0.355919,0.342221
0.275595,0.38233,0.342075
0.304122,0.351743,0.344136
0.283516,0.363889,0.352595
0.279711,0.36641,0.35388
0.265199,0.385925,0.348877
0.221663,0.44124,0.337097
0.251742,0.403028,0.345229
0.253801,0.412974,0.333226
0.25472,0.383957,0.361323
0.254578,0.398543,0.34688
0.247978,0.416744,0.335278
0.300249,0.378855,0.320896
0.306333,0.36553,0.328138
0.278846,0.401209,0.319945
0.250798,0.422908,0.326294
0.251097,0.397848,0.351054
0.261027,0.379126,0.359847
0.279719,0.366049,0.354232
0.258365,0.413978,0.327657
0.258386,0.442446,0.299168
0.303768,0.362809,0.333423
0.292438,0.367919,0.339643
0.269194,0.386888,0.343918
0.272637,0.383662,0.343701
0.287486,0.377557,0.334956
0.295402,0.392412,0.312185
0.291057,0.409522,0.299421
0.283928,0.42327,0.292802
0.292046,0.362884,0.34507
0.295825,0.360275,0.3439
0.291081,0.371666,0.337254
0.290837,0.379837,0.329326
0.295737,0.382045,0.322217
0.29292,0.382547,0.324533
0.284027,0.37559,0.340383
0.293101,0.384245,0.322655
0.270851,0.464352,0.264798
0.287965,0.384514,0.327521
0.282769,0.369845,0.347386
0.275447,0.373297,0.351256
0.293791,0.35882,0.347389
0.293575,0.36213,0.344295
0.280934,0.375695,0.343371
0.28914,0.36907,0.341789
0.283582,0.374466,0.341952
0.27222,0.385693,0.342087
0.265516,0.392446,0.342038
0.267736,0.390199,0.342065
0.298408,0.357544,0.344048
0.294849,0.354713,0.350438
0.301656,0.353054,0.34529
0.302586,0.364226,0.333188
0.289684,0.377318,0.332998
0.292811,0.360216,0.346972
0.29428,0.365766,0.339954
0.269353,0.386552,0.344095
0.260166,0.398392,0.341442
0.259218,0.390335,0.350446
0.282604,0.367765,0.349631
0.299856,0.350989,0.349155
0.290719,0.356731,0.352549
0.296378,0.353527,0.350095
0.295999,0.355071,0.34893
0.254534,0.399826,0.345641
0.259059,0.389858,0.351083
0.278146,0.370439,0.351415
0.297525,0.357593,0.344882
0.295273,0.363188,0.341539
0.305062,0.351112,0.343827
0.301249,0.350169,0.348582
0.305433,0.349113,0.345454
0.302938,0.351117,0.345945
0.290424,0.358715,0.350861
0.306004,0.350877,0.343119
0.29459,0.355745,0.349666
0.30312,0.349921,0.34696
0.278061,0.393783,0.328157
0.252378,0.424155,0.323467
0.272565,0.399013,0.328422
0.28551,0.392244,0.322246
0.305945,0.365789,0.328266
0.29501,0.360059,0.34493
0.286885,0.406201,0.306914
0.280001,0.413884,0.306115
0.295885,0.379668,0.324447
0.288983,0.366661,0.344357
0.294365,0.359727,0.345908
0.298668,0.372344,0.328988
0.300586,0.371452,0.327962
0.291725,0.388924,0.31935
0.293419,0.370665,0.335916
0.291911,0.379661,0.328429
0.290257,0.367993,0.341749
0.279635,0.376963,0.343402
0.292931,0.36327,0.343799
0.30523,0.351986,0.342784
0.303667,0.354938,0.341395
0.29793,0.358119,0.343951
0.291895,0.357044,0.35106
0.294351,0.364067,0.341581
0.304825,0.349808,0.345367
0.233305,0.399515,0.367181
0.238783,0.395084,0.366133
0.206869,0.448654,0.344477
0.219419,0.429899,0.350683
0.238498,0.395341,0.366161
0.225884,0.404656,0.36946
0.21762,0.426325,0.356056
0.241482,0.398271,0.360247
0.237057,0.396455,0.366488
0.27272,0.369855,0.357425
0.298745,0.35707,0.344186
0.297974,0.354859,0.347167
0.285052,0.373033,0.341915
0.295157,0.36273,0.342113
0.295405,0.361835,0.34276
0.302817,0.354307,0.342876
0.304349,0.353891,0.34176
0.288088,0.365912,0.346
0.30969,0.349658,0.340652
0.295845,0.358421,0.345734
0.333003,0.329988,0.337008
0.315223,0.347572,0.337204
0.310478,0.349466,0.340057
0.304302,0.354759,0.340939
0.290855,0.361665,0.34748
0.304309,0.354553,0.341138
0.265429,0.392534,0.342037
0.262643,0.394619,0.342738
0.276753,0.378283,0.344964
0.27661,0.377802,0.345587
0.285864,0.369057,0.345079
0.284582,0.368465,0.346953
0.299049,0.365761,0.33519
0.295106,0.35964,0.345255
0.289864,0.368123,0.342014
0.285859,0.372248,0.341893
0.29374,0.355082,0.351178
0.298444,0.353956,0.3476
0.292082,0.35952,0.348398
0.293737,0.364472,0.341791
0.285359,0.36868,0.345961
0.279512,0.37741,0.343078
0.263427,0.39457,0.342003
0.284293,0.37342,0.342288
0.286741,0.371392,0.341867
0.2825,0.375523,0.341976
0.242021,0.416922,0.341057
0.257285,0.400873,0.341842
0.249564,0.408921,0.341515
0.240981,0.418036,0.340983
0.240838,0.418189,0.340973
0.231016,0.428853,0.340131
0.26235,0.395669,0.341981
0.256854,0.401318,0.341827
0.212112,0.450116,0.337772
0.179982,0.48881,0.331208
0.170276,0.501231,0.328493
0.189185,0.477365,0.33345
0.181073,0.487437,0.33149
0.163493,0.51014,0.326367
0.16907,0.502801,0.328129
0.199317,0.465111,0.335572
0.184924,0.482625,0.33245
0.19399,0.47151,0.3345
0.240094,0.418989,0.340917
0.256762,0.401414,0.341824
0.258053,0.40008,0.341867
0.254418,0.403845,0.341737
0.24978,0.408694,0.341526
0.293865,0.364022,0.342113
0.300117,0.356205,0.343678
0.299595,0.358022,0.342384
0.28502,0.369355,0.345626
0.290899,0.367376,0.341725
0.293708,0.364668,0.341625
0.304607,0.351506,0.343887
0.218757,0.433584,0.347659
0.252127,0.394785,0.353087
0.249581,0.391684,0.358735
0.303512,0.360113,0.336375
0.294721,0.361404,0.343875
0.295296,0.360339,0.344365
0.295847,0.358245,0.345908
0.298505,0.358716,0.34278
0.261179,0.379574,0.359247
0.292452,0.383329,0.324219
0.303324,0.367638,0.329039
0.302248,0.36702,0.330732
0.294343,0.384215,0.321442
0.298863,0.379541,0.321596
0.281198,0.373433,0.345369
0.284171,0.372107,0.343722
0.283781,0.370179,0.34604
0.271581,0.386332,0.342087
0.264494,0.393483,0.342022
0.254584,0.403673,0.341743
0.259442,0.39865,0.341908
0.25326,0.405051,0.341689
0.24958,0.408904,0.341516
0.252348,0.406003,0.341649
0.273124,0.369302,0.357574
0.2986,0.357637,0.343763
0.299571,0.358065,0.342364
0.304914,0.351262,0.343823
0.305256,0.352378,0.342366
0.299929,0.352263,0.347808
0.29759,0.357571,0.344838
0.308752,0.349073,0.342175
0.305618,0.351777,0.342605
0.287821,0.367876,0.344303
0.25794,0.399988,0.342072
0.277089,0.380174,0.342737
0.270747,0.387168,0.342085
0.257485,0.400667,0.341848
0.247986,0.410584,0.341431
0.253217,0.405096,0.341687
0.277008,0.380929,0.342063
0.24528,0.413448,0.341272
0.262829,0.39518,0.341991
0.281579,0.376426,0.341995
0.270912,0.386325,0.342762
0.280076,0.377902,0.342022
0.285547,0.372551,0.341902
0.286889,0.371249,0.341863
0.291842,0.364932,0.343226
0.283264,0.374777,0.34196
0.271343,0.38657,0.342087
0.288135,0.369694,0.342171
0.276942,0.380994,0.342064
0.267485,0.390452,0.342063
0.279487,0.378481,0.342032
0.273707,0.384208,0.342085
0.27537,0.382553,0.342077
0.274089,0.38248,0.343431
0.283047,0.374721,0.342232
0.283965,0.374092,0.341943
0.28283,0.3752,0.341969
0.301944,0.356274,0.341782
0.303657,0.350546,0.345797
0.303166,0.349599,0.347235
0.281637,0.362446,0.355917
0.288765,0.357841,0.353395
0.281169,0.362749,0.356082
0.269081,0.371184,0.359734
0.272785,0.368229,0.358986
0.267344,0.372248,0.360408
0.294887,0.353975,0.351139
0.293029,0.358499,0.348472
0.294857,0.363585,0.341558
0.296424,0.362092,0.341484
0.278416,0.379537,0.342047
0.27609,0.381838,0.342072
0.273056,0.384653,0.342291
0.265853,0.391464,0.342683
0.26195,0.394961,0.343089
0.280406,0.375505,0.344089
0.324052,0.338056,0.337893
0.297841,0.356135,0.346024
0.306258,0.349282,0.344459
0.271558,0.371974,0.356467
0.253979,0.389154,0.356868
0.255801,0.383122,0.361076
0.276735,0.367403,0.355862
0.277275,0.366131,0.356594
0.284301,0.362994,0.352705
0.305464,0.352678,0.341858
0.292352,0.36598,0.341667
0.298847,0.359092,0.342061
0.276929,0.370101,0.35297
0.29076,0.364111,0.345129
0.288354,0.365136,0.34651
0.291496,0.364722,0.343782
0.278608,0.368989,0.352403
0.327463,0.325337,0.3472
0.254338,0.383256,0.362405
0.273596,0.364242,0.362162
0.273865,0.37004,0.356096
0.246268,0.399816,0.353916
0.288374,0.361549,0.350078
0.291468,0.36051,0.348022
0.254861,0.395598,0.34954
0.191303,0.504461,0.304236
0.195546,0.429142,0.375312
0.234264,0.39736,0.368376
0.214812,0.41147,0.373718
0.22958,0.399015,0.371404
0.226433,0.400694,0.372872
0.212822,0.411683,0.375495
0.14323,0.477956,0.378814
0.151924,0.474702,0.373375
0.187142,0.438274,0.374584
0.234385,0.395171,0.370444
0.232014,0.40989,0.358096
0.21246,0.423273,0.364268
0.238395,0.395163,0.366443
0.32351,0.329635,0.346856
0.352488,0.321407,0.326105
0.320532,0.330655,0.348813
0.252585,0.405756,0.341659
0.270418,0.387498,0.342084
0.25387,0.404416,0.341714
0.270153,0.387764,0.342083
0.258197,0.399929,0.341874
0.258117,0.400015,0.341869
0.26802,0.389438,0.342541
0.272383,0.384236,0.343381
0.275904,0.379993,0.344103
0.269041,0.387597,0.343362
0.293786,0.359618,0.346596
0.291629,0.361746,0.346625
0.291177,0.363887,0.344935
0.302814,0.35252,0.344666
0.30127,0.352929,0.345801
0.300488,0.358243,0.341269
0.286267,0.371851,0.341881
0.299906,0.353853,0.346242
0.295562,0.357057,0.347381
0.295511,0.356319,0.34817
0.297371,0.352326,0.350303
0.302317,0.35021,0.347473
0.301548,0.354888,0.343563
0.303121,0.352178,0.344701
0.297006,0.354157,0.348837
0.264681,0.377035,0.358284
0.241207,0.393862,0.364931
0.240961,0.412716,0.346323
0.301835,0.355534,0.342631
0.29583,0.362657,0.341513
0.280931,0.377061,0.342008
0.281673,0.376333,0.341994
0.264906,0.393065,0.342029
0.266429,0.39152,0.342051
0.26678,0.391165,0.342055
0.270231,0.387686,0.342083
0.272129,0.385784,0.342087
0.259119,0.398982,0.341899
0.297297,0.382488,0.320215
0.293482,0.388666,0.317852
0.291246,0.400676,0.308078
0.296985,0.386642,0.316372
0.293734,0.384586,0.32168
0.264347,0.401036,0.334617
0.26514,0.390102,0.344757
0.298164,0.355675,0.346161
0.286485,0.37164,0.341875
0.273732,0.384183,0.342085
0.26478,0.393193,0.342027
0.266459,0.39149,0.342051
0.269195,0.388451,0.342354
0.253858,0.404428,0.341714
0.268044,0.384265,0.347691
0.256633,0.400094,0.343274
0.263913,0.390973,0.345114
0.265237,0.388148,0.346615
0.260296,0.397773,0.341931
0.257962,0.400174,0.341864
0.247339,0.411266,0.341394
0.269529,0.388392,0.342079
0.256992,0.401176,0.341832
0.259698,0.398386,0.341915
0.242775,0.416116,0.341109
0.269813,0.388106,0.342081
0.273891,0.384025,0.342085
0.286658,0.368825,0.344517
0.316556,0.335666,0.347778
0.310079,0.343911,0.34601
0.276194,0.372735,0.351071
0.267237,0.375303,0.35746
0.262203,0.378768,0.359029
0.26941,0.373323,0.357266
0.264221,0.376798,0.358981
0.262217,0.377729,0.360054
0.266835,0.374373,0.358792
0.264406,0.375637,0.359956
0.275526,0.368574,0.3559
0.235476,0.400957,0.363566
0.233501,0.398882,0.367616
0.264513,0.376313,0.359174
0.246958,0.388711,0.364331
0.254257,0.382483,0.36326
0.296162,0.355851,0.347988
0.287353,0.36056,0.352087
0.258367,0.381397,0.360236
0.255101,0.383865,0.361034
0.276938,0.367457,0.355604
0.302122,0.349914,0.347964
0.290776,0.357111,0.352113
0.267891,0.37409,0.358019
0.265578,0.375203,0.359219
0.224531,0.422223,0.353246
0.209409,0.435972,0.354618
0.222635,0.41919,0.358175
0.285661,0.360695,0.353644
0.298631,0.359262,0.342106
0.288472,0.359649,0.351878
0.283073,0.367128,0.3498
0.287797,0.36666,0.345544
0.278668,0.376051,0.345281
0.271145,0.385377,0.343478
0.262521,0.393034,0.344445
0.268104,0.387184,0.344712
0.265845,0.389189,0.344966
0.266478,0.388599,0.344923
0.306033,0.356199,0.337768
0.296945,0.363052,0.340003
0.291974,0.364649,0.343377
0.307852,0.345064,0.347084
0.265004,0.376184,0.358812
0.257986,0.381622,0.360391
0.258493,0.381167,0.36034
0.249132,0.397029,0.353839
0.25341,0.384934,0.361656
0.252666,0.384969,0.362365
0.277584,0.36731,0.355107
0.301353,0.354003,0.344644
0.275003,0.382918,0.342079
0.270191,0.387726,0.342083
0.268233,0.389697,0.34207
0.275406,0.382517,0.342077
0.271297,0.386617,0.342086
0.269346,0.388576,0.342078
0.285247,0.372843,0.34191
0.291795,0.366515,0.34169
0.288036,0.370137,0.341827
0.289538,0.368686,0.341775
0.294286,0.363514,0.3422
0.295802,0.360628,0.343569
0.284497,0.364912,0.350591
0.291215,0.36139,0.347395
0.290873,0.357528,0.351599
0.303096,0.350452,0.346452
0.284232,0.373831,0.341936
0.280326,0.377656,0.342018
0.288561,0.369629,0.341809
0.293336,0.365038,0.341626
0.294661,0.363771,0.341567
0.282359,0.374529,0.343112
0.277209,0.376454,0.346338
0.275116,0.378738,0.346146
0.269956,0.382807,0.347237
0.269841,0.384056,0.346103
0.288361,0.36545,0.346188
0.295692,0.358729,0.34558
0.296194,0.356768,0.347037
0.306564,0.350878,0.342557
0.297237,0.357563,0.3452
0.285444,0.357444,0.357112
0.285072,0.364364,0.350563
0.271611,0.371297,0.357091
0.269798,0.37173,0.358472
0.280526,0.365342,0.354132
0.260621,0.377166,0.362214
0.254021,0.38222,0.363759
0.27044,0.37083,0.358729
0.281436,0.36522,0.353344
0.29139,0.358161,0.35045
0.304884,0.349506,0.34561
0.29075,0.3592,0.35005
0.298069,0.356235,0.345696
0.290982,0.361058,0.347959
0.301214,0.345893,0.352892
0.283827,0.365786,0.350387
0.285945,0.366877,0.347178
0.281982,0.367266,0.350752
0.292403,0.362869,0.344729
0.286059,0.368367,0.345573
0.286504,0.367817,0.345679
0.286992,0.369126,0.343883
0.281918,0.373021,0.345061
0.294953,0.36163,0.343417
0.287734,0.370429,0.341836
0.284608,0.373465,0.341927
0.283981,0.374077,0.341942
0.265798,0.39216,0.342042
0.279839,0.378135,0.342026
0.283665,0.373949,0.342386
0.28022,0.376942,0.342838
0.28311,0.370831,0.346059
0.283608,0.3687,0.347692
0.290452,0.367144,0.342405
0.297818,0.360045,0.342137
0.297225,0.359723,0.343052
0.299081,0.35869,0.342229
0.296509,0.360007,0.343484
0.297612,0.360964,0.341424
0.283731,0.37432,0.341949
0.298251,0.360358,0.341391
0.295873,0.362617,0.341511
0.299062,0.358657,0.342281
0.299885,0.357802,0.342313
0.299551,0.354666,0.345784
0.298308,0.360304,0.341388
0.303676,0.355246,0.341078
0.300298,0.357045,0.342657
0.263301,0.379231,0.357467
0.244048,0.398294,0.357658
0.300939,0.346487,0.352573
0.326287,0.329834,0.343879
0.313537,0.345589,0.340874
0.279411,0.375155,0.345435
0.338185,0.326479,0.335336
0.246181,0.403317,0.350502
0.224537,0.448697,0.326766
0.233172,0.419426,0.347402
0.277586,0.367817,0.354597
0.261102,0.384513,0.354385
0.24851,0.414374,0.337115
0.269465,0.400613,0.329922
0.28762,0.367418,0.344962
0.295256,0.358144,0.3466
0.304888,0.363434,0.331678
0.300254,0.354402,0.345345
0.295321,0.360564,0.344115
0.317758,0.345119,0.337123
0.286088,0.401512,0.3124
0.260151,0.415519,0.32433
0.270366,0.384582,0.345052
0.233657,0.433206,0.333137
0.235663,0.430783,0.333554
0.23698,0.411661,0.351359
0.258532,0.379871,0.361597
0.247082,0.389343,0.363575
0.263669,0.376392,0.359939
0.286112,0.363536,0.350352
0.284313,0.365028,0.350659
0.278595,0.379276,0.342129
0.279776,0.378197,0.342027
0.272542,0.38537,0.342087
0.272378,0.385081,0.342541
0.272082,0.383256,0.344661
0.283441,0.368969,0.34759
0.279415,0.369252,0.351334
0.283711,0.367514,0.348775
0.290669,0.363338,0.345993
0.284898,0.373183,0.341919
0.296186,0.360641,0.343174
0.294725,0.363633,0.341643
0.28618,0.371936,0.341884
0.285299,0.372793,0.341908
0.292861,0.36437,0.342769
0.28151,0.375926,0.342564
0.285096,0.372321,0.342583
0.291362,0.366319,0.34232
0.293629,0.363921,0.34245
0.28964,0.368588,0.341772
0.293436,0.362483,0.344081
0.288805,0.365513,0.345682
0.28934,0.360962,0.349698
0.245793,0.387742,0.366465
0.255012,0.380755,0.364233
0.241722,0.390299,0.36798
0.261544,0.376201,0.362254
0.243073,0.390413,0.366514
0.219945,0.409269,0.370785
0.216686,0.415355,0.36796
0.200469,0.460271,0.33926
0.195322,0.485522,0.319155
0.194958,0.514061,0.290981
0.216682,0.467169,0.316149
0.201662,0.501795,0.296543
0.225821,0.452693,0.321486
0.26642,0.383291,0.350289
0.278798,0.367442,0.35376
0.307044,0.352099,0.340856
0.304697,0.35032,0.344983
0.30327,0.355627,0.341104
0.288371,0.369813,0.341816
0.282647,0.37538,0.341973
0.282108,0.375907,0.341985
0.275191,0.382731,0.342078
0.301241,0.357534,0.341225
0.256571,0.389672,0.353757
0.265064,0.408743,0.326193
0.258656,0.432236,0.309108
0.271499,0.37498,0.353521
0.26026,0.381632,0.358108
0.225409,0.446538,0.328052
0.237864,0.429237,0.332898
0.220012,0.440811,0.339177
0.213914,0.442959,0.343127
0.221825,0.420604,0.357571
0.260879,0.378427,0.360695
0.269199,0.370977,0.359824
0.283699,0.361679,0.354622
0.282275,0.362593,0.355132
0.301964,0.351601,0.346435
0.307209,0.349855,0.342935
0.301721,0.354391,0.343888
0.279978,0.376894,0.343129
0.27397,0.380811,0.345219
0.262131,0.392863,0.345006
0.263652,0.394047,0.342301
0.267212,0.389389,0.343398
0.275905,0.380874,0.343221
0.282635,0.374005,0.34336
0.286369,0.37003,0.343601
0.271421,0.386493,0.342087
0.274643,0.383276,0.342081
0.278146,0.370273,0.351581
0.268749,0.379103,0.352149
0.274809,0.37177,0.353421
0.271414,0.373328,0.355257
0.282907,0.366988,0.350105
0.284153,0.367812,0.348035
0.27696,0.374432,0.348608
0.271352,0.375124,0.353524
0.277142,0.367517,0.355341
0.291031,0.359187,0.349782
0.307509,0.349705,0.342786
0.292089,0.357194,0.350717
0.296871,0.354528,0.348601
0.302659,0.349985,0.347355
0.27194,0.36978,0.358279
0.231607,0.40039,0.368003
0.239493,0.394447,0.36606
0.240372,0.393807,0.365821
0.255862,0.382235,0.361903
0.239192,0.394787,0.366021
0.246715,0.388815,0.36447
0.290039,0.358495,0.351465
0.28989,0.357117,0.352993
0.30323,0.349622,0.347148
0.294533,0.35555,0.349917
0.301059,0.352388,0.346553
0.306722,0.3524,0.340879
0.296786,0.360347,0.342867
0.294877,0.35158,0.353543
0.304151,0.347964,0.347885
0.308158,0.349934,0.341908
0.319984,0.338481,0.341536
0.295276,0.372303,0.332421
0.256138,0.433861,0.310002
0.301162,0.359408,0.33943
0.285365,0.363903,0.350732
0.301148,0.353011,0.345841
0.305055,0.351749,0.343196
0.289966,0.36772,0.342313
0.286111,0.372003,0.341886
0.273657,0.384258,0.342085
0.296755,0.361778,0.341467
0.287977,0.369902,0.342121
0.289438,0.368783,0.341779
0.296667,0.360641,0.342692
0.305263,0.349975,0.344762
0.305913,0.352108,0.341978
0.296348,0.362164,0.341487
0.300228,0.357522,0.34225
0.298651,0.3576,0.343749
0.280977,0.376145,0.342878
0.282965,0.375069,0.341966
0.286398,0.371427,0.342174
0.294552,0.363253,0.342195
0.284303,0.373762,0.341934
0.282338,0.375682,0.34198
0.291188,0.367098,0.341714
0.301754,0.353851,0.344395
0.30041,0.356895,0.342695
0.284385,0.367818,0.347796
0.302574,0.369887,0.327539
0.284573,0.365085,0.350342
0.291017,0.360769,0.348214
0.285805,0.369595,0.344599
0.278696,0.373594,0.34771
0.284013,0.369191,0.346796
0.288484,0.36668,0.344835
0.286238,0.368427,0.345334
0.296119,0.360249,0.343632
0.296645,0.361882,0.341473
0.302379,0.356463,0.341158
0.293294,0.361981,0.344724
0.291357,0.364813,0.343829
0.298675,0.356054,0.345271
0.296877,0.355039,0.348084
0.302867,0.349755,0.347378
0.303078,0.350678,0.346245
0.299941,0.351308,0.34875
0.296445,0.352917,0.350638
0.298421,0.352541,0.349038
0.299594,0.353021,0.347386
0.308269,0.354736,0.336995
0.295513,0.357244,0.347243
0.291952,0.364113,0.343935
0.289403,0.368548,0.342049
0.307738,0.354054,0.338208
0.302908,0.353189,0.343903
0.301069,0.356885,0.342045
0.300602,0.356015,0.343382
0.306974,0.349346,0.34368
0.298715,0.356974,0.344312
0.298505,0.358065,0.34343
0.296007,0.360326,0.343667
0.298152,0.359041,0.342807
0.293517,0.359316,0.347167
0.287997,0.363686,0.348318
0.293417,0.358886,0.347697
0.282508,0.367942,0.34955
0.280427,0.369131,0.350442
0.281425,0.365102,0.353473
0.264875,0.417173,0.317952
0.268724,0.424546,0.30673
0.271293,0.404161,0.324546
0.289833,0.365004,0.345163
0.308693,0.349263,0.342044
0.296081,0.355472,0.348446
0.30268,0.352048,0.345272
0.296414,0.356089,0.347497
0.298322,0.35772,0.343958
0.30129,0.355028,0.343682
0.298963,0.358933,0.342104
0.297821,0.360766,0.341413
0.306018,0.351635,0.342348
0.271476,0.372431,0.356093
0.29658,0.354714,0.348706
0.296591,0.354216,0.349192
0.288928,0.365802,0.34527
0.256008,0.383376,0.360616
0.213468,0.415118,0.371414
0.264659,0.399566,0.335775
0.273584,0.369036,0.35738
0.22671,0.403921,0.369369
0.231033,0.396267,0.3727
0.243497,0.387736,0.368768
0.218966,0.404671,0.376363
0.226367,0.399499,0.374134
0.231547,0.395912,0.372541
0.235857,0.392947,0.371195
0.269232,0.370546,0.360221
0.276236,0.365959,0.357805
0.266283,0.372489,0.361228
0.284549,0.36056,0.354891
0.24548,0.442393,0.312127
0.205702,0.553009,0.241289
0.228143,0.508196,0.26366
0.25591,0.433758,0.310332
0.298147,0.357209,0.344643
0.308262,0.355789,0.335949
0.272766,0.376024,0.35121
0.230205,0.465057,0.304739
0.274286,0.371729,0.353985
0.304093,0.350735,0.345172
0.296518,0.362003,0.341479
0.255753,0.402459,0.341788
0.265789,0.392169,0.342042
0.28196,0.376053,0.341988
0.306958,0.352039,0.341003
0.306871,0.351558,0.341571
0.301623,0.356051,0.342326
0.267687,0.390248,0.342065
0.296139,0.360777,0.343085
0.29532,0.363088,0.341592
0.279297,0.378669,0.342035
0.301917,0.356897,0.341186
0.294669,0.363764,0.341567
0.297626,0.360892,0.341482
0.299928,0.35465,0.345422
0.287814,0.359483,0.352704
0.264149,0.376495,0.359355
0.256795,0.379751,0.363454
0.240202,0.393122,0.366675
0.27064,0.369621,0.359739
0.255518,0.379638,0.364843
0.251775,0.382146,0.366079
0.228914,0.397732,0.373354
0.213355,0.409182,0.377463
0.216982,0.406639,0.376379
0.222004,0.402541,0.375455
0.240545,0.389743,0.369712
0.228144,0.398266,0.37359
0.255424,0.379701,0.364875
0.251535,0.382308,0.366158
0.260565,0.376275,0.36316
0.239957,0.390144,0.369899
0.255557,0.380315,0.364128
0.27266,0.368296,0.359043
0.278192,0.366888,0.354921
0.290441,0.360404,0.349155
0.283307,0.361364,0.355329
0.291774,0.363965,0.344261
0.280438,0.369027,0.350535
0.263962,0.377357,0.358681
0.273122,0.373534,0.353344
0.290328,0.363997,0.345675
0.274388,0.383529,0.342083
0.280106,0.37617,0.343724
0.28318,0.373638,0.343182
0.28223,0.371504,0.346266
0.289489,0.362763,0.347748
0.298343,0.352206,0.349451
0.284127,0.360833,0.35504
0.282978,0.362196,0.354826
0.284269,0.360868,0.354863
0.282276,0.362337,0.355386
0.266853,0.372113,0.361034
0.269809,0.370167,0.360024
0.267079,0.374813,0.358108
0.274326,0.370041,0.355633
0.304181,0.352269,0.34355
0.301343,0.357274,0.341383
0.289901,0.368337,0.341762
0.272569,0.385344,0.342087
0.284314,0.373752,0.341934
0.28979,0.367693,0.342517
0.300788,0.353989,0.345223
0.291148,0.360173,0.348679
0.297905,0.35643,0.345665
0.291044,0.360652,0.348304
0.300595,0.35077,0.348634
0.294148,0.354386,0.351466
0.252978,0.383884,0.363138
0.25474,0.383264,0.361996
0.237667,0.396395,0.365938
0.292491,0.356941,0.350568
0.290532,0.365622,0.343846
0.278689,0.430182,0.291129
0.28011,0.387746,0.332144
0.289529,0.390184,0.320287
0.292979,0.365485,0.341536
0.290218,0.372173,0.337609
0.299007,0.358861,0.342132
0.299342,0.356696,0.343961
0.300835,0.356072,0.343093
0.299662,0.364613,0.335725
0.263196,0.377961,0.358843
0.276967,0.367183,0.355849
0.246695,0.421396,0.331909
0.234043,0.475924,0.290033
0.222847,0.509436,0.267717
0.221031,0.510083,0.268886
0.237034,0.471415,0.291551
0.186673,0.57907,0.234258
0.207167,0.549965,0.242868
0.194212,0.582015,0.223773
0.220073,0.522171,0.257756
0.216098,0.528117,0.255785
0.237605,0.479069,0.283325
0.375804,0.31491,0.309285
0.321504,0.338078,0.340417
0.274383,0.368847,0.35677
0.223143,0.469124,0.307733
0.259334,0.398073,0.342593
0.253567,0.383823,0.36261
0.27869,0.36436,0.35695
0.232909,0.398761,0.368329
0.229085,0.401328,0.369587
0.236174,0.396306,0.36752
0.178116,0.543272,0.278612
0.165931,0.588114,0.245955
0.16963,0.581744,0.248626
0.189453,0.534976,0.275571
0.195217,0.524945,0.279838
0.184285,0.562866,0.252849
0.194722,0.509241,0.296037
0.29581,0.349526,0.354664
0.282662,0.361781,0.355557
0.273133,0.367987,0.35888
0.266194,0.382344,0.351461
0.254955,0.394637,0.350408
0.253891,0.398161,0.347947
0.240234,0.418838,0.340928
0.248967,0.409535,0.341498
0.246488,0.412167,0.341345
0.256995,0.399308,0.343696
0.265152,0.384775,0.350073
0.256175,0.402021,0.341803
0.244696,0.414068,0.341236
0.265224,0.392742,0.342034
0.267256,0.390684,0.342061
0.266083,0.39187,0.342046
0.284236,0.373686,0.342078
0.281076,0.376919,0.342005
0.271684,0.386229,0.342087
0.268534,0.389202,0.342264
0.262674,0.395338,0.341988
0.269757,0.388162,0.342081
0.268118,0.389813,0.342069
0.264049,0.393936,0.342014
0.259901,0.398178,0.341921
0.28527,0.371679,0.343052
0.27789,0.380057,0.342054
0.282854,0.375177,0.341969
0.282926,0.373358,0.343716
0.281035,0.371124,0.347841
0.290247,0.363463,0.34629
0.283912,0.369566,0.346522
0.288713,0.369482,0.341804
0.289461,0.368761,0.341778
0.270914,0.387,0.342086
0.270879,0.387036,0.342085
0.283215,0.374824,0.341961
0.284822,0.373257,0.341921
0.291236,0.367052,0.341712
0.279294,0.378672,0.342035
0.283855,0.374199,0.341946
0.301179,0.357592,0.341229
0.298927,0.352474,0.348599
0.277054,0.367493,0.355453
0.256193,0.38231,0.361497
0.278035,0.36609,0.355875
0.299683,0.352177,0.34814
0.295156,0.355431,0.349413
0.293051,0.361288,0.345661
0.252631,0.406075,0.341293
0.249263,0.453219,0.297518
0.224187,0.482783,0.29303
0.230552,0.452816,0.316632
0.226135,0.440746,0.333119
0.200705,0.500806,0.298489
0.183985,0.518888,0.297127
0.180264,0.514625,0.305111
0.174827,0.527274,0.297899
0.174168,0.511707,0.314125
0.195046,0.48499,0.319964
0.198771,0.464774,0.336455
0.213874,0.408263,0.377863
0.217679,0.405577,0.376744
0.222199,0.402405,0.375396
0.242252,0.388581,0.369167
0.254643,0.380224,0.365133
0.257753,0.378146,0.3641
0.255119,0.38365,0.361231
0.252965,0.38697,0.360064
0.25143,0.392055,0.356515
0.241381,0.405635,0.352984
0.269079,0.388845,0.342077
0.278768,0.377365,0.343867
0.279861,0.375701,0.344438
0.286948,0.366018,0.347034
0.29109,0.362609,0.346302
0.296538,0.357799,0.345663
0.291258,0.36703,0.341711
0.29357,0.364814,0.341616
0.298184,0.356765,0.345051
0.284237,0.362501,0.353262
0.281272,0.364393,0.354335
0.273404,0.370315,0.356281
0.297349,0.353706,0.348945
0.304398,0.349224,0.346378
0.28621,0.361358,0.352432
0.292596,0.356222,0.351182
0.259886,0.379542,0.360572
0.19589,0.432165,0.371945
0.205621,0.420191,0.374188
0.215468,0.436604,0.347927
0.232397,0.431687,0.335916
0.249736,0.395296,0.354968
0.270767,0.372672,0.356562
0.280747,0.365515,0.353738
0.308573,0.348279,0.343148
0.289894,0.359085,0.35102
0.292036,0.357344,0.35062
0.291432,0.366864,0.341704
0.290105,0.36814,0.341755
0.267805,0.390129,0.342066
0.266516,0.389407,0.344078
0.273208,0.380053,0.346739
0.275179,0.375569,0.349252
0.281028,0.369284,0.349688
0.277356,0.372856,0.349788
0.277024,0.375035,0.347942
0.27555,0.376335,0.348115
0.287631,0.364434,0.347935
0.291689,0.360802,0.347509
0.294502,0.357046,0.348452
0.295351,0.355146,0.349503
0.289577,0.367084,0.343339
0.291371,0.366699,0.341929
0.284996,0.372369,0.342635
0.288389,0.366736,0.344875
0.294974,0.360517,0.344509
0.296543,0.359242,0.344215
0.285677,0.371951,0.342372
0.281952,0.37606,0.341988
0.284081,0.371935,0.343984
0.282635,0.374556,0.342809
0.295523,0.359213,0.345264
0.29244,0.358204,0.349356
0.285252,0.360106,0.354642
0.284508,0.362523,0.352969
0.281673,0.366058,0.35227
0.288498,0.361139,0.350363
0.289681,0.357251,0.353068
0.293749,0.354641,0.35161
0.294564,0.35412,0.351316
0.291951,0.355794,0.352256
0.295561,0.353482,0.350957
0.296912,0.353198,0.349891
0.285152,0.362553,0.352294
0.265205,0.376573,0.358222
0.256285,0.383022,0.360693
0.262286,0.378224,0.35949
0.235343,0.397365,0.367293
0.225768,0.4049,0.369331
0.248251,0.387916,0.363833
0.239433,0.395015,0.365552
0.227017,0.403904,0.369079
0.220852,0.44502,0.334128
0.239055,0.40382,0.357124
0.253992,0.390431,0.355578
0.323784,0.330048,0.346168
0.275123,0.372894,0.351984
0.289174,0.367101,0.343725
0.292868,0.365486,0.341646
0.299114,0.358301,0.342585
0.295326,0.361284,0.34339
0.283256,0.374785,0.34196
0.274016,0.3839,0.342084
0.283216,0.374823,0.341961
0.281002,0.372161,0.346837
0.285017,0.366688,0.348294
0.290234,0.356896,0.35287
0.28643,0.359346,0.354225
0.294465,0.356779,0.348756
0.292718,0.357956,0.349326
0.29919,0.353021,0.347788
0.291061,0.35684,0.352099
0.2784,0.365735,0.355865
0.288297,0.358874,0.35283
0.293185,0.358032,0.348782
0.294834,0.357319,0.347847
0.301907,0.354678,0.343415
0.337141,0.331522,0.331336
0.350682,0.322966,0.326352
0.330039,0.326942,0.343018
0.312583,0.347179,0.340239
0.301386,0.353922,0.344692
0.30452,0.353453,0.342028
0.297129,0.355564,0.347307
0.290343,0.359736,0.349921
0.289578,0.357318,0.353104
0.29264,0.355352,0.352008
0.294206,0.354349,0.351445
0.290113,0.356974,0.352913
0.261058,0.378234,0.360708
0.240504,0.393226,0.36627
0.243402,0.39224,0.364358
0.247461,0.389403,0.363136
0.251066,0.386529,0.362405
0.256397,0.383096,0.360506
0.2531,0.398128,0.348772
0.23205,0.438823,0.329126
0.235001,0.393535,0.371464
0.234546,0.393848,0.371606
0.238994,0.390801,0.370205
0.224847,0.400557,0.374596
0.224063,0.401103,0.374834
0.214775,0.407626,0.377599
0.229953,0.397013,0.373034
0.230665,0.396521,0.372814
0.229026,0.397655,0.373319
0.232031,0.3971,0.370869
0.290968,0.363575,0.345457
0.279495,0.373269,0.347236
0.291018,0.363094,0.345888
0.301543,0.354284,0.344173
0.285059,0.367552,0.347389
0.306035,0.349458,0.344507
0.303554,0.349768,0.346678
0.305575,0.349044,0.345381
0.304694,0.350453,0.344853
0.300752,0.352504,0.346744
0.3036,0.350052,0.346348
0.295344,0.361325,0.343331
0.293964,0.364438,0.341599
0.275825,0.379693,0.344482
0.273365,0.383649,0.342986
0.278006,0.379942,0.342052
0.270071,0.387847,0.342082
0.278988,0.376523,0.344489
0.274381,0.377842,0.347777
0.265737,0.383321,0.350942
0.243113,0.400487,0.356401
0.266216,0.381819,0.351965
0.275162,0.374108,0.350729
0.290697,0.364282,0.345021
0.299141,0.359515,0.341343
0.288543,0.369648,0.34181
0.290219,0.36536,0.34442
0.289174,0.367865,0.342961
0.285273,0.372818,0.341909
0.291273,0.365356,0.343371
0.276871,0.370779,0.35235
0.291543,0.362233,0.346224
0.275234,0.377009,0.347757
0.279571,0.375111,0.345318
0.284946,0.373136,0.341918
0.291139,0.367145,0.341716
0.288715,0.369481,0.341804
0.289617,0.368611,0.341773
0.290523,0.367738,0.341739
0.284439,0.37363,0.341931
0.286817,0.371318,0.341865
0.287699,0.370464,0.341838
0.292731,0.363135,0.344134
0.290244,0.364651,0.345105
0.279299,0.375805,0.344896
0.281629,0.373158,0.345213
0.281128,0.373233,0.345638
0.276636,0.377688,0.345676
0.277537,0.37625,0.346213
0.279973,0.375134,0.344893
0.27465,0.383269,0.342081
0.28017,0.377586,0.342244
0.262253,0.393656,0.344091
0.259751,0.396531,0.343719
0.270858,0.384115,0.345027
0.282053,0.372043,0.345905
0.276571,0.376656,0.346773
0.279609,0.374303,0.346088
0.28727,0.367447,0.345284
0.346306,0.309507,0.344187
0.372662,0.300458,0.326879
0.385772,0.310199,0.304028
0.321357,0.351923,0.326719
0.338292,0.33171,0.329999
0.362247,0.333295,0.304459
0.381234,0.306839,0.311927
0.373386,0.312263,0.314351
0.349211,0.344443,0.306345
0.324494,0.363387,0.312119
0.287226,0.360405,0.352369
0.287301,0.358665,0.354034
0.302558,0.352543,0.344899
0.306152,0.352931,0.340917
0.308235,0.35002,0.341744
0.297009,0.358959,0.344033
0.29271,0.359336,0.347955
0.282945,0.366507,0.350549
0.294717,0.355415,0.349868
0.287668,0.36332,0.349012
0.289385,0.362946,0.347669
0.289085,0.366189,0.344727
0.291208,0.367079,0.341713
0.289438,0.368783,0.341779
0.288711,0.369484,0.341804
0.29435,0.363007,0.342644
0.29327,0.365101,0.341629
0.280777,0.377213,0.34201
0.259072,0.397349,0.343579
0.266213,0.386617,0.34717
0.267883,0.387,0.345117
0.269585,0.38404,0.346375
0.260122,0.390107,0.349771
0.269744,0.378945,0.351312
0.275679,0.371726,0.352595
0.262383,0.381349,0.356268
0.274626,0.373658,0.351715
0.302871,0.349234,0.347895
0.300989,0.35632,0.342691
0.304812,0.350602,0.344587
0.305133,0.350387,0.34448
0.303531,0.351677,0.344791
0.294362,0.356058,0.34958
0.296017,0.355853,0.348129
0.289907,0.36236,0.347733
0.288351,0.363093,0.348557
0.288789,0.368235,0.342976
0.288565,0.369626,0.341809
0.295016,0.361218,0.343767
0.294918,0.356619,0.348462
0.299499,0.358084,0.342418
0.297051,0.359464,0.343485
0.29087,0.364939,0.344191
0.268829,0.380961,0.350209
0.262205,0.385491,0.352303
0.255867,0.389695,0.354438
0.254171,0.38054,0.365289
0.24002,0.390101,0.369879
0.255555,0.379614,0.364831
0.249741,0.389892,0.360367
0.240151,0.390012,0.369838
0.227106,0.398986,0.373908
0.221318,0.403021,0.37566
0.268369,0.371114,0.360517
0.285263,0.360099,0.354638
0.282604,0.361819,0.355577
0.293185,0.359368,0.347447
0.297686,0.357887,0.344427
0.278007,0.376377,0.345616
0.288719,0.36798,0.343301
0.28756,0.370007,0.342433
0.282076,0.375939,0.341985
0.267726,0.390208,0.342065
0.270119,0.387799,0.342083
0.292402,0.363919,0.343679
0.294755,0.358783,0.346463
0.296248,0.360458,0.343294
0.295465,0.359989,0.344546
0.293937,0.358858,0.347205
0.290357,0.362154,0.347488
0.295807,0.354832,0.349361
0.290717,0.357004,0.352279
0.28907,0.357751,0.35318
0.300988,0.366211,0.3328
0.302526,0.355114,0.34236
0.30462,0.354288,0.341092
0.272301,0.371927,0.355772
0.293785,0.356349,0.349866
0.276872,0.370537,0.352591
0.312521,0.345402,0.342077
0.294541,0.38219,0.323269
0.243667,0.453887,0.302445
0.201566,0.52095,0.277483
0.204112,0.495313,0.300576
0.201523,0.438985,0.359492
0.226315,0.403406,0.370279
0.250212,0.383197,0.366591
0.232424,0.39684,0.370736
0.251492,0.382337,0.366172
0.237121,0.392082,0.370797
0.257339,0.378423,0.364239
0.274819,0.370146,0.355034
0.269225,0.381037,0.349737
0.27512,0.374575,0.350304
0.283999,0.374059,0.341942
0.290957,0.365834,0.343209
0.291957,0.36636,0.341684
0.304094,0.354854,0.341052
0.307924,0.350065,0.342011
0.306535,0.349521,0.343944
0.289453,0.359502,0.351046
0.303736,0.353797,0.342467
0.295477,0.362382,0.34214
0.286918,0.370926,0.342155
0.296132,0.362343,0.341525
0.284836,0.373243,0.341921
0.288991,0.369214,0.341795
0.291953,0.366363,0.341684
0.280416,0.373444,0.34614
0.266215,0.391737,0.342048
0.265947,0.392008,0.342045
0.282871,0.37516,0.341968
0.30384,0.352451,0.343708
0.305709,0.348292,0.345999
0.295097,0.372419,0.332484
0.26812,0.383782,0.348098
0.283377,0.36605,0.350574
0.302886,0.352921,0.344193
0.292435,0.355612,0.351953
0.278198,0.367362,0.35444
0.283233,0.363801,0.352965
0.295164,0.355489,0.349347
0.29509,0.359848,0.345062
0.293169,0.362287,0.344544
0.296392,0.360468,0.34314
0.303845,0.351972,0.344182
0.304423,0.350151,0.345426
0.287403,0.360891,0.351706
0.300655,0.356666,0.342679
0.302761,0.354289,0.34295
0.302214,0.353313,0.344473
0.300222,0.355287,0.344491
0.297511,0.356232,0.346257
0.290496,0.360646,0.348858
0.283995,0.36453,0.351475
0.286804,0.362386,0.35081
0.291911,0.355819,0.35227
0.28723,0.358829,0.353941
0.243716,0.391905,0.36438
0.255658,0.382942,0.3614
0.251006,0.385404,0.36359
0.233424,0.398014,0.368562
0.228617,0.411535,0.359848
0.229311,0.441394,0.329295
0.251649,0.4082,0.340151
0.264628,0.377221,0.358151
0.292971,0.356921,0.350108
0.304072,0.353603,0.342325
0.28947,0.360732,0.349798
0.287263,0.363322,0.349415
0.289541,0.362718,0.347741
0.288878,0.364072,0.347051
0.28874,0.363752,0.347508
0.283765,0.367399,0.348836
0.284607,0.366473,0.34892
0.286634,0.364763,0.348603
0.287481,0.358667,0.353851
0.283972,0.360933,0.355095
0.295158,0.35374,0.351102
0.277262,0.365445,0.357293
0.257491,0.38092,0.361589
0.25997,0.378454,0.361577
0.255604,0.381147,0.363249
0.262371,0.376957,0.360672
0.273718,0.36879,0.357492
0.25055,0.384191,0.36526
0.232299,0.39778,0.369921
0.251683,0.38595,0.362367
0.255239,0.385463,0.359298
0.25882,0.383279,0.357901
0.268413,0.379874,0.351712
0.266424,0.380073,0.353504
0.276596,0.369847,0.353557
0.296483,0.357639,0.345878
0.269157,0.371713,0.35913
0.292481,0.35701,0.350509
0.300297,0.358059,0.341643
0.30488,0.350899,0.344221
0.302657,0.350241,0.347102
0.305176,0.351753,0.343072
0.303479,0.351827,0.344694
0.29695,0.356906,0.346144
0.304459,0.353748,0.341792
0.306493,0.349022,0.344485
0.310019,0.344589,0.345393
0.292657,0.358112,0.349231
0.315714,0.342423,0.341863
0.329773,0.333235,0.336992
0.327936,0.33034,0.341724
0.310644,0.351318,0.338038
0.297025,0.362733,0.340242
0.303457,0.35537,0.341172
0.281832,0.365774,0.352394
0.274769,0.372983,0.352247
0.28171,0.372631,0.345658
0.277808,0.373486,0.348706
0.284038,0.372939,0.343024
0.277332,0.380608,0.34206
0.285799,0.372306,0.341895
0.296501,0.3619,0.341599
0.291445,0.366851,0.341704
0.300427,0.358301,0.341272
0.281488,0.364239,0.354273
0.253937,0.382588,0.363475
0.263444,0.374429,0.362128
0.253951,0.382566,0.363483
0.265428,0.374007,0.360565
0.262533,0.374969,0.362498
0.271536,0.369033,0.359431
0.27993,0.363554,0.356516
0.280541,0.363157,0.356302
0.282756,0.361748,0.355496
0.279462,0.37038,0.350158
0.277149,0.375152,0.347699
0.278311,0.37366,0.348029
0.275251,0.378583,0.346166
0.27767,0.376191,0.346139
0.283644,0.374405,0.341951
0.280717,0.377271,0.342011
0.287816,0.369902,0.342281
0.291216,0.362651,0.346133
0.296031,0.357049,0.346921
0.298028,0.351907,0.350064
0.290718,0.356585,0.352697
0.285488,0.359954,0.354559
0.282527,0.361869,0.355604
0.279465,0.363856,0.356679
0.280962,0.362884,0.356154
0.255484,0.393354,0.351162
0.237657,0.486314,0.276029
0.244305,0.438779,0.316916
0.278014,0.398449,0.323536
0.234456,0.473154,0.29239
0.220031,0.465355,0.314613
0.24111,0.448741,0.31015
0.261187,0.392085,0.346728
0.250232,0.387161,0.362607
0.285862,0.361813,0.352325
0.290354,0.364217,0.345429
0.266713,0.382267,0.35102
0.289989,0.363073,0.346938
0.288663,0.368107,0.343229
0.247663,0.410925,0.341413
0.244377,0.414408,0.341215
0.260716,0.397342,0.341942
0.280009,0.377967,0.342024
0.293749,0.361297,0.344954
0.296672,0.356387,0.346941
0.307334,0.35003,0.342636
0.313093,0.346429,0.340478
0.304642,0.351828,0.34353
0.283435,0.363524,0.353041
0.270764,0.372153,0.357083
0.290623,0.358252,0.351125
0.294617,0.355654,0.349729
0.279684,0.364787,0.355529
0.293428,0.355795,0.350777
0.283023,0.361548,0.35543
0.26878,0.372562,0.358658
0.273644,0.368695,0.357661
0.270799,0.371136,0.358065
0.247441,0.38918,0.36338
0.229103,0.45591,0.314987
0.217284,0.441872,0.340843
0.185991,0.544649,0.26936
0.173119,0.579175,0.247706
0.186869,0.528951,0.28418
0.172631,0.584477,0.242892
0.211192,0.484149,0.304659
0.262726,0.431206,0.306068
0.337828,0.325672,0.3365
0.327353,0.335603,0.337044
0.354186,0.316582,0.329232
0.294474,0.354106,0.35142
0.292431,0.365905,0.341664
0.266515,0.391433,0.342052
0.277124,0.380814,0.342062
0.263012,0.394993,0.341995
0.280483,0.377502,0.342016
0.296069,0.360047,0.343883
0.296833,0.353222,0.349945
0.284276,0.360736,0.354987
0.285934,0.360088,0.353978
0.23992,0.419437,0.340643
0.245567,0.420792,0.333641
0.263384,0.397037,0.339579
0.263008,0.390522,0.34647
0.293203,0.373381,0.333416
0.301646,0.374311,0.324043
0.297857,0.355693,0.34645
0.280235,0.365238,0.354526
0.285248,0.372626,0.342126
0.265514,0.392447,0.342038
0.260973,0.397079,0.341949
0.255563,0.402656,0.341781
0.256689,0.401489,0.341821
0.264988,0.392982,0.34203
0.268497,0.385143,0.34636
0.275501,0.373933,0.350566
0.279372,0.367446,0.353182
0.290556,0.363888,0.345556
0.275018,0.368102,0.35688
0.274916,0.36949,0.355594
0.253395,0.38878,0.357825
0.252552,0.390632,0.356817
0.250165,0.409637,0.340197
0.258659,0.381155,0.360186
0.286003,0.362129,0.351869
0.301939,0.353689,0.344372
0.303536,0.349156,0.347308
0.298798,0.356631,0.344571
0.288628,0.367983,0.34339
0.288622,0.363406,0.347972
0.265212,0.392754,0.342034
0.275099,0.382822,0.342079
0.27474,0.383179,0.342081
0.262886,0.395121,0.341992
0.255837,0.402372,0.341791
0.264944,0.393027,0.34203
0.244804,0.413953,0.341242
0.259993,0.398084,0.341923
0.259926,0.398153,0.341921
0.272424,0.384825,0.342752
0.287633,0.369091,0.343276
0.290501,0.364386,0.345112
0.298083,0.361992,0.339925
0.281199,0.392622,0.326178
0.279153,0.388006,0.332841
0.29344,0.365296,0.341264
0.288583,0.378092,0.333325
0.292591,0.381866,0.325543
0.260543,0.431195,0.308263
0.241421,0.456553,0.302026
0.222193,0.469016,0.308791
0.243901,0.406463,0.349637
0.286308,0.361476,0.352216
0.289244,0.360429,0.350327
0.270562,0.371359,0.358079
0.263541,0.374463,0.361996
0.259631,0.378384,0.361985
0.255194,0.380838,0.363968
0.287955,0.358827,0.353218
0.291952,0.363995,0.344053
0.296982,0.360679,0.342339
0.304172,0.353004,0.342825
0.279655,0.365897,0.354448
0.263148,0.377755,0.359098
0.290787,0.359816,0.349397
0.29186,0.357405,0.350735
0.264976,0.375751,0.359273
0.26251,0.378357,0.359133
0.25582,0.392314,0.351866
0.325558,0.330552,0.34389
0.274365,0.382277,0.343358
0.270361,0.387094,0.342546
0.26509,0.392878,0.342032
0.233706,0.425907,0.340387
0.253113,0.405204,0.341683
0.264583,0.393394,0.342024
0.250501,0.407936,0.341562
0.236581,0.42278,0.340639
0.247854,0.410722,0.341423
0.270559,0.387357,0.342084
0.287315,0.360681,0.352004
0.302365,0.345245,0.352389
0.283757,0.358783,0.35746
0.227458,0.403607,0.368935
0.237896,0.394473,0.367631
0.258137,0.379227,0.362637
0.257796,0.378299,0.363906
0.250665,0.382892,0.366443
0.253113,0.382449,0.364437
0.255642,0.379753,0.364605
0.25657,0.378936,0.364494
0.27652,0.368356,0.355125
0.268069,0.371312,0.360619
0.237607,0.391749,0.370644
0.239459,0.392308,0.368233
0.209318,0.416266,0.374416
0.240676,0.393206,0.366118
0.24007,0.394203,0.365727
0.264946,0.37664,0.358414
0.285274,0.360405,0.354321
0.287892,0.360458,0.351651
0.270225,0.373439,0.356336
0.278725,0.381368,0.339907
0.296702,0.358731,0.344567
0.297061,0.358836,0.344103
0.281834,0.373889,0.344276
0.296542,0.359311,0.344147
0.29653,0.360755,0.342715
0.301887,0.356926,0.341187
0.299695,0.357708,0.342597
0.247924,0.387549,0.364526
0.291958,0.366011,0.342031
0.289594,0.368632,0.341773
0.292629,0.361588,0.345784
0.278911,0.364926,0.356163
0.239646,0.392958,0.367396
0.213339,0.416092,0.37057
0.23662,0.396809,0.36657
0.207113,0.497224,0.295663
0.193511,0.551744,0.254745
0.316997,0.345079,0.337924
0.21173,0.555623,0.232647
0.265674,0.441855,0.292471
0.247323,0.470236,0.282441
0.243911,0.467601,0.288489
0.327486,0.332536,0.339979
0.281996,0.359807,0.358197
0.247486,0.392497,0.360017
0.24155,0.396968,0.361482
0.240231,0.410826,0.348943
0.215856,0.426141,0.358003
0.210589,0.430577,0.358834
0.234157,0.406103,0.35974
0.237071,0.410328,0.352601
0.237982,0.417596,0.344423
0.240605,0.414275,0.34512
0.238876,0.411465,0.349658
0.27356,0.377343,0.349097
0.272019,0.385894,0.342087
0.289955,0.365265,0.344781
0.296033,0.354808,0.349159
0.268553,0.380953,0.350494
0.290899,0.391868,0.317233
0.265867,0.487015,0.247117
0.269535,0.48088,0.249585
0.324691,0.360681,0.314628
0.35059,0.344205,0.305205
0.261141,0.49176,0.247099
0.197446,0.592653,0.209901
0.167321,0.647273,0.185406
0.210911,0.566745,0.222345
0.272718,0.45433,0.272951
0.320978,0.359593,0.319428
0.323756,0.350348,0.325896
0.292475,0.398896,0.308629
0.291184,0.357176,0.35164
0.2861,0.359558,0.354342
0.297028,0.355802,0.34717
0.298226,0.355405,0.346369
0.292646,0.365699,0.341655
0.296164,0.359249,0.344587
0.294365,0.359963,0.345671
0.286279,0.372759,0.340962
0.292384,0.394061,0.313554
0.264772,0.446565,0.288663
0.231447,0.507848,0.260705
0.233091,0.502207,0.264702
0.198777,0.570647,0.230576
0.210744,0.538572,0.250684
0.159744,0.643081,0.197175
0.221199,0.503305,0.275496
0.204822,0.539696,0.255482
0.213321,0.517818,0.268861
0.238797,0.465063,0.29614
0.229176,0.447327,0.323496
0.195571,0.570804,0.233625
0.243966,0.407394,0.34864
0.293623,0.355458,0.350919
0.292287,0.360306,0.347407
0.269753,0.388166,0.342081
0.291902,0.358821,0.349277
0.282514,0.367287,0.350199
0.275393,0.366509,0.358098
0.283321,0.361354,0.355324
0.289339,0.366022,0.344639
0.254138,0.404136,0.341725
0.273488,0.367755,0.358758
0.249788,0.385093,0.365119
0.225882,0.401167,0.372951
0.221605,0.402821,0.375574
0.226853,0.399162,0.373986
0.277955,0.404552,0.317492
0.391471,0.311245,0.297284
0.425077,0.295467,0.279457
0.357776,0.318182,0.324042
0.382482,0.31133,0.306188
0.279531,0.374046,0.346423
0.263501,0.392546,0.343954
0.261139,0.396611,0.34225
0.270003,0.383446,0.346551
0.292129,0.364754,0.343117
0.278069,0.37988,0.342051
0.267565,0.386912,0.345523
0.283952,0.363961,0.352087
0.291913,0.358461,0.349626
0.28991,0.358937,0.351153
0.293496,0.354803,0.351701
0.270311,0.369838,0.359852
0.251117,0.385615,0.363268
0.2813,0.362664,0.356036
0.294205,0.354445,0.35135
0.280453,0.363214,0.356333
0.301201,0.354545,0.344254
0.30317,0.35572,0.34111
0.29284,0.357449,0.349711
0.270002,0.372729,0.357269
0.256852,0.381782,0.361366
0.265138,0.382622,0.35224
0.288907,0.362948,0.348145
0.299395,0.361689,0.338916
0.293884,0.357142,0.348974
0.28312,0.363067,0.353812
0.261207,0.375849,0.362944
0.259064,0.377536,0.3634
0.273067,0.369292,0.357641
0.277013,0.368763,0.354223
0.280117,0.366442,0.353442
0.273166,0.374311,0.352523
0.252231,0.392383,0.355386
0.266288,0.37562,0.358091
0.252016,0.382,0.365985
0.275048,0.366735,0.358218
0.282982,0.362347,0.354671
0.285425,0.359994,0.354581
0.295416,0.35797,0.346613
0.289679,0.365995,0.344326
0.287933,0.370237,0.34183
0.287134,0.369281,0.343585
0.294785,0.355074,0.350141
0.289957,0.36431,0.345733
0.281189,0.373484,0.345327
0.287922,0.3677,0.344378
0.285211,0.367533,0.347256
0.285816,0.362615,0.351569
0.284077,0.363218,0.352705
0.267471,0.374223,0.358307
0.285186,0.361534,0.353279
0.278527,0.364839,0.356634
0.299323,0.35789,0.342787
0.289711,0.35987,0.350419
0.289303,0.360776,0.349921
0.283169,0.363896,0.352935
0.252426,0.384879,0.362696
0.308747,0.371181,0.320073
0.330468,0.338453,0.33108
0.24349,0.393273,0.363236
0.331075,0.330593,0.338331
0.266832,0.37298,0.360188
0.305371,0.342885,0.351743
0.323755,0.337667,0.338578
0.267365,0.420501,0.312134
0.275729,0.40517,0.319102
0.292199,0.371202,0.336599
0.302709,0.363057,0.334235
0.239312,0.489196,0.271491
0.258655,0.429236,0.31211
0.266075,0.453532,0.280393
0.235113,0.496152,0.268736
0.178668,0.599231,0.222102
0.162969,0.631976,0.205055
0.188755,0.553082,0.258164
0.163101,0.609016,0.227883
0.17041,0.604799,0.224791
0.167953,0.61084,0.221207
0.201277,0.5217,0.277022
0.187612,0.571344,0.241044
0.183478,0.574543,0.241979
0.177816,0.601531,0.220653
0.19459,0.571952,0.233458
0.263651,0.402033,0.334316
0.280478,0.39351,0.326012
0.287081,0.366426,0.346493
0.289229,0.367361,0.34341
0.270191,0.387726,0.342083
0.255632,0.402584,0.341783
0.267658,0.390277,0.342065
0.258131,0.4,0.341869
0.249895,0.408573,0.341532
0.223901,0.436737,0.339362
0.249258,0.409243,0.341499
0.253461,0.404842,0.341697
0.278268,0.379683,0.342049
0.281482,0.376521,0.341997
0.295851,0.362637,0.341512
0.307757,0.349121,0.343122
0.287236,0.366374,0.346391
0.285255,0.366847,0.347898
0.278963,0.369783,0.351254
0.276699,0.369589,0.353712
0.295183,0.356598,0.348218
0.292291,0.363093,0.344616
0.296098,0.362402,0.3415
0.300486,0.355673,0.343841
0.30114,0.355249,0.343611
0.283938,0.374119,0.341944
0.293239,0.365131,0.34163
0.286069,0.372044,0.341887
0.274461,0.383457,0.342082
0.285971,0.372139,0.34189
0.281914,0.376098,0.341989
0.297159,0.361256,0.341586
0.294382,0.364039,0.34158
0.280947,0.377045,0.342007
0.276403,0.381528,0.342069
0.280239,0.375736,0.344025
0.285989,0.360363,0.353648
0.268808,0.371628,0.359565
0.268743,0.371635,0.359622
0.28562,0.360208,0.354173
0.280582,0.366164,0.353254
0.262877,0.377551,0.359572
0.251976,0.40096,0.347063
0.223056,0.512742,0.264202
0.222405,0.518668,0.258927
0.220438,0.518456,0.261106
0.282259,0.3654,0.352341
0.295198,0.352753,0.352049
0.281817,0.399525,0.318658
0.335262,0.327363,0.337375
0.238752,0.480088,0.28116
0.252216,0.447507,0.300277
0.274641,0.369597,0.355761
0.274302,0.375713,0.349985
0.28268,0.367381,0.349939
0.276335,0.368556,0.35511
0.270789,0.369524,0.359687
0.248023,0.385661,0.366317
0.270524,0.369698,0.359778
0.2445,0.389626,0.365874
0.292443,0.355478,0.352079
0.280662,0.368817,0.350521
0.297449,0.356638,0.345913
0.288483,0.361575,0.349943
0.290951,0.358114,0.350936
0.297889,0.356808,0.345303
0.299918,0.354274,0.345808
0.27824,0.379283,0.342477
0.279818,0.377425,0.342757
0.251261,0.40714,0.341599
0.258838,0.399272,0.341891
0.278288,0.379664,0.342049
0.283826,0.374227,0.341946
0.275748,0.382177,0.342074
0.2708,0.387115,0.342085
0.289694,0.367509,0.342797
0.294989,0.36135,0.343661
0.298697,0.357773,0.34353
0.299211,0.363591,0.337198
0.25463,0.393485,0.351885
0.288446,0.362534,0.349019
0.306353,0.349063,0.344584
0.296002,0.356336,0.347662
0.295833,0.356697,0.34747
0.295297,0.359101,0.345602
0.275372,0.367752,0.356875
0.286796,0.361484,0.351719
0.295261,0.357236,0.347504
0.288752,0.369445,0.341803
0.292749,0.3656,0.341651
0.297925,0.359011,0.343063
0.283979,0.371896,0.344126
0.286663,0.371468,0.34187
0.277617,0.374417,0.347967
0.27588,0.379505,0.344615
0.26533,0.392634,0.342036
0.275949,0.381979,0.342073
0.283815,0.374238,0.341947
0.279647,0.37698,0.343373
0.284886,0.372107,0.343007
0.242987,0.415889,0.341124
0.221613,0.439303,0.339085
0.2302,0.42975,0.34005
0.251968,0.406401,0.341632
0.252949,0.405375,0.341675
0.252785,0.405547,0.341668
0.240977,0.418041,0.340983
0.234828,0.424685,0.340488
0.237291,0.422011,0.340698
0.231754,0.428043,0.340203
0.266872,0.391072,0.342056
0.296263,0.362246,0.341492
0.290653,0.367357,0.34199
0.270586,0.387329,0.342084
0.271107,0.386807,0.342086
0.272858,0.385055,0.342087
0.277123,0.380815,0.342062
0.282513,0.375511,0.341976
0.277423,0.380518,0.342059
0.290168,0.368079,0.341753
0.299992,0.358712,0.341297
0.301591,0.351071,0.347338
0.292626,0.355361,0.352014
0.273131,0.368934,0.357935
0.283416,0.361654,0.35493
0.277012,0.366549,0.356439
0.276963,0.366622,0.356415
0.266619,0.375777,0.357604
0.253433,0.384396,0.362171
0.271212,0.371982,0.356806
0.281185,0.364819,0.353996
0.305471,0.352838,0.341692
0.299036,0.356665,0.344299
0.29397,0.364432,0.341598
0.291505,0.366793,0.341702
0.286201,0.371916,0.341883
0.263213,0.394788,0.341999
0.260511,0.397552,0.341937
0.249994,0.408469,0.341537
0.244526,0.414249,0.341225
0.255876,0.402331,0.341792
0.238632,0.420562,0.340805
0.243913,0.414902,0.341185
0.238864,0.420313,0.340823
0.249566,0.408919,0.341515
0.262321,0.395698,0.34198
0.27768,0.380264,0.342056
0.263657,0.394336,0.342007
0.269736,0.388184,0.342081
0.273068,0.384845,0.342087
0.265006,0.392963,0.342031
0.260518,0.397545,0.341937
0.264585,0.393391,0.342024
0.27318,0.384733,0.342086
0.238742,0.420445,0.340814
0.225886,0.434523,0.33959
0.242842,0.416044,0.341114
0.25589,0.402317,0.341793
0.258927,0.39918,0.341893
0.249568,0.408917,0.341515
0.247773,0.410808,0.341419
0.260637,0.397422,0.34194
0.26559,0.39237,0.342039
0.278982,0.378979,0.342039
0.296108,0.361692,0.342199
0.289056,0.368736,0.342208
0.25232,0.406032,0.341648
0.254303,0.40177,0.343926
0.206439,0.4567,0.33686
0.179728,0.489131,0.331141
0.245351,0.413373,0.341276
0.239602,0.419518,0.34088
0.238248,0.420977,0.340775
0.210185,0.452342,0.337473
0.221046,0.43994,0.339014
0.232428,0.427304,0.340268
0.2508,0.407624,0.341577
0.250894,0.407525,0.341581
0.257795,0.388386,0.353819
0.253142,0.381229,0.365629
0.257861,0.395994,0.346145
0.275795,0.379808,0.344397
0.291141,0.359845,0.349014
0.288145,0.38765,0.324205
0.282854,0.382424,0.334722
0.184628,0.551776,0.263596
0.16002,0.536387,0.303593
0.233752,0.444973,0.321275
0.201871,0.535721,0.262408
0.186486,0.548117,0.265397
0.174528,0.582838,0.242634
0.166023,0.58124,0.252737
0.135808,0.639955,0.224237
0.193373,0.453596,0.35303
0.186516,0.534747,0.278737
0.181142,0.592972,0.225886
0.246628,0.46784,0.285532
0.0688831,0.844113,0.0870036
0.0805071,0.782676,0.136817
0.0471018,0.881039,0.071859
0.0750041,0.810694,0.114302
0.0711144,0.823021,0.105864
0.116537,0.69876,0.184703
0.148718,0.584348,0.266935
0.182957,0.490393,0.32665
0.259517,0.376972,0.363511
0.224525,0.405693,0.369783
0.234648,0.406091,0.35926
0.260611,0.394694,0.344696
0.243929,0.414884,0.341186
0.268885,0.37426,0.356855
0.26412,0.389201,0.346679
0.226747,0.433566,0.339686
0.282048,0.375966,0.341986
0.282984,0.372353,0.344663
0.285794,0.372311,0.341895
0.226704,0.433615,0.339682
0.19271,0.473062,0.334228
0.198356,0.466258,0.335386
0.147494,0.531976,0.32053
0.140315,0.542186,0.317499
0.155015,0.52156,0.323425
0.23441,0.42514,0.34045
0.213654,0.448342,0.338003
0.235426,0.424034,0.34054
0.232429,0.427303,0.340268
0.248272,0.410282,0.341446
0.300257,0.356515,0.343228
0.291595,0.366707,0.341698
0.298856,0.359246,0.341898
0.293595,0.354058,0.352347
0.297355,0.360977,0.341668
0.255548,0.402671,0.34178
0.276872,0.381063,0.342065
0.261324,0.396719,0.341957
0.256052,0.402149,0.341799
0.279833,0.377694,0.342473
0.270938,0.386976,0.342086
0.293807,0.362252,0.34394
0.283207,0.369869,0.346923
0.259216,0.395373,0.345411
0.260522,0.38887,0.350608
0.263794,0.382673,0.353534
0.262099,0.383815,0.354085
0.273249,0.377255,0.349496
0.276816,0.366058,0.357127
0.292739,0.35693,0.350332
0.288589,0.361444,0.349966
0.287383,0.364152,0.348465
0.284708,0.366681,0.348611
0.272884,0.385029,0.342087
0.289945,0.368294,0.341761
0.286571,0.371473,0.341956
0.297858,0.35934,0.342802
0.288107,0.370069,0.341824
0.268304,0.388817,0.342879
0.259014,0.39909,0.341896
0.225582,0.434861,0.339556
0.251709,0.406671,0.34162
0.273452,0.384462,0.342086
0.273142,0.384772,0.342087
0.267663,0.390272,0.342065
0.263988,0.393999,0.342013
0.253599,0.404698,0.341703
0.269413,0.388508,0.342079
0.283711,0.373812,0.342477
0.282013,0.376,0.341987
0.27528,0.36922,0.355499
0.284388,0.371455,0.344157
0.298744,0.359763,0.341493
0.297512,0.360166,0.342321
0.280724,0.377264,0.342011
0.274365,0.383552,0.342083
0.255713,0.402501,0.341786
0.211516,0.450803,0.337681
0.213881,0.448082,0.338037
0.215952,0.445713,0.338335
0.189273,0.477256,0.33347
0.173003,0.497703,0.329294
0.170557,0.500866,0.328577
0.17904,0.49,0.33096
0.197458,0.467333,0.335209
0.219061,0.442181,0.338758
0.240776,0.418256,0.340968
0.250881,0.407538,0.341581
0.271641,0.386272,0.342087
0.269892,0.388027,0.342081
0.289287,0.364525,0.346188
0.241398,0.410574,0.348029
0.302085,0.352327,0.345588
0.270291,0.373143,0.356566
0.278466,0.366106,0.355428
0.299412,0.35106,0.349528
0.277314,0.373116,0.34957
0.258104,0.383435,0.358461
0.273664,0.377521,0.348815
0.267393,0.380915,0.351692
0.258677,0.398326,0.342997
0.258385,0.399738,0.341877
0.254261,0.393428,0.352311
0.259574,0.38908,0.351345
0.257942,0.400195,0.341863
0.24639,0.412271,0.341339
0.25249,0.405854,0.341655
0.241129,0.417877,0.340994
0.231902,0.42788,0.340218
0.235041,0.424453,0.340506
0.221066,0.439917,0.339016
0.188299,0.478454,0.333247
0.186464,0.480717,0.332819
0.169996,0.501595,0.328409
0.194789,0.470544,0.334667
0.202159,0.461736,0.336106
0.206928,0.456129,0.336943
0.20228,0.461592,0.336128
0.211659,0.450638,0.337703
0.230794,0.429097,0.340109
0.292377,0.359785,0.347837
0.305692,0.353962,0.340345
0.174046,0.550573,0.275382
0.223557,0.419329,0.357115
0.192353,0.501112,0.306536
0.178467,0.523263,0.298269
0.242187,0.412386,0.345427
0.210407,0.468744,0.320849
0.213082,0.54169,0.245227
0.229065,0.554944,0.215991
0.27894,0.440226,0.280834
0.297888,0.37836,0.323751
0.246023,0.412659,0.341317
0.288543,0.419749,0.291708
0.303838,0.358248,0.337913
0.294557,0.363525,0.341919
0.306416,0.348305,0.345279
0.260489,0.378809,0.360702
0.290824,0.357257,0.35192
0.283183,0.373099,0.343718
0.275591,0.367994,0.356415
0.278483,0.366376,0.355142
0.288054,0.358298,0.353648
0.268227,0.389069,0.342704
0.275983,0.381369,0.342648
0.289189,0.368503,0.342308
0.281144,0.376262,0.342594
0.28447,0.3736,0.34193
0.283792,0.374261,0.341947
0.300724,0.355294,0.343982
0.287753,0.370411,0.341836
0.306721,0.349479,0.3438
0.301104,0.356539,0.342357
0.297627,0.355282,0.347092
0.297636,0.355122,0.347243
0.279376,0.36645,0.354174
0.249794,0.446733,0.303473
0.26236,0.410225,0.327415
0.21163,0.5209,0.26747
0.24128,0.445669,0.313051
0.211293,0.513394,0.275313
0.242641,0.447331,0.310028
0.292649,0.386729,0.320622
0.300162,0.35162,0.348218
0.293721,0.360984,0.345295
0.29113,0.362349,0.346521
0.300754,0.352903,0.346342
0.289245,0.367461,0.343294
0.288071,0.369604,0.342325
0.299096,0.356439,0.344465
0.276881,0.381054,0.342065
0.28232,0.375555,0.342124
0.285758,0.372346,0.341896
0.274215,0.383068,0.342717
0.275663,0.378526,0.345811
0.261939,0.386044,0.352017
0.262875,0.39391,0.343214
0.233592,0.426031,0.340376
0.235407,0.424055,0.340538
0.224604,0.435952,0.339444
0.225675,0.434758,0.339567
0.214581,0.44728,0.338139
0.241457,0.417526,0.341017
0.256144,0.402054,0.341802
0.261472,0.396567,0.341961
0.228805,0.431288,0.339907
0.238611,0.420585,0.340804
0.282145,0.37542,0.342435
0.277929,0.378265,0.343806
0.291801,0.364548,0.343651
0.281967,0.376046,0.341988
0.287691,0.370332,0.341977
0.284017,0.37275,0.343233
0.28157,0.376296,0.342134
0.271887,0.385635,0.342477
0.301509,0.355218,0.343274
0.293655,0.360665,0.34568
0.281763,0.375649,0.342588
0.28523,0.371919,0.342851
0.264588,0.390939,0.344474
0.274176,0.379663,0.346161
0.28214,0.374839,0.343021
0.277398,0.380254,0.342348
0.289959,0.368194,0.341846
0.294462,0.363962,0.341576
0.270773,0.382943,0.346284
0.252228,0.406128,0.341644
0.228269,0.431881,0.339851
0.26554,0.392421,0.342039
0.261718,0.396315,0.341967
0.252411,0.405938,0.341652
0.270544,0.387371,0.342084
0.280339,0.376545,0.343117
0.281537,0.376467,0.341996
0.277486,0.380456,0.342058
0.263374,0.394624,0.342002
0.291467,0.36683,0.341703
0.292665,0.364464,0.342871
0.265778,0.389558,0.344664
0.281246,0.372575,0.34618
0.312168,0.348261,0.339571
0.280752,0.3643,0.354948
0.296736,0.361182,0.342082
0.293359,0.365016,0.341625
0.305436,0.350869,0.343695
0.306861,0.349584,0.343555
0.306217,0.351119,0.342664
0.283036,0.361539,0.355425
0.267598,0.372173,0.36023
0.248317,0.384474,0.367209
0.262782,0.374804,0.362414
0.276211,0.370229,0.35356
0.262452,0.375023,0.362525
0.246537,0.385676,0.367787
0.250495,0.383007,0.366498
0.242025,0.38906,0.368915
0.182296,0.43815,0.379554
0.174642,0.512137,0.31322
0.200745,0.439828,0.359427
0.187011,0.556765,0.256225
0.181034,0.566575,0.252391
0.219545,0.48315,0.297305
0.209395,0.534451,0.256154
0.185587,0.580236,0.234177
0.168815,0.621279,0.209905
0.160906,0.63152,0.207575
0.165565,0.641206,0.193229
0.270746,0.413061,0.316193
0.234739,0.491158,0.274103
0.303762,0.352974,0.343264
0.292062,0.359261,0.348677
0.282341,0.373263,0.344396
0.298949,0.353238,0.347812
0.292915,0.365441,0.341644
0.30174,0.355829,0.342432
0.297833,0.360754,0.341413
0.252272,0.406083,0.341646
0.298496,0.352185,0.349318
0.274089,0.369166,0.356745
0.249413,0.402004,0.348583
0.24003,0.394244,0.365727
0.217877,0.432957,0.349166
0.249585,0.405451,0.344964
0.267111,0.374809,0.35808
0.290082,0.360505,0.349412
0.284946,0.370726,0.344328
0.295887,0.359498,0.344615
0.288292,0.364249,0.34746
0.271829,0.385187,0.342984
0.26796,0.386757,0.345283
0.260779,0.395898,0.343323
0.226486,0.433857,0.339657
0.253837,0.40445,0.341713
0.255484,0.398351,0.346165
0.264634,0.393341,0.342025
0.281569,0.373158,0.345273
0.283828,0.370478,0.345694
0.278147,0.379802,0.34205
0.299072,0.358429,0.342499
0.293949,0.363272,0.342778
0.296646,0.361881,0.341473
0.257469,0.381989,0.360542
0.279949,0.365708,0.354344
0.252622,0.409189,0.338189
0.271806,0.392053,0.336141
0.270235,0.375642,0.354123
0.253304,0.417908,0.328788
0.23476,0.446554,0.318686
0.249137,0.392363,0.3585
0.245921,0.405521,0.348559
0.205306,0.506296,0.288397
0.214957,0.486909,0.298134
0.197152,0.537696,0.265151
0.20073,0.535763,0.263507
0.202823,0.483367,0.31381
0.202108,0.483003,0.314889
0.21543,0.440811,0.343759
0.206136,0.458118,0.335745
0.227814,0.403369,0.368818
0.20956,0.421838,0.368602
0.280522,0.363169,0.356309
0.286361,0.35939,0.354249
0.276904,0.372612,0.350483
0.279725,0.372568,0.347707
0.282424,0.36396,0.353616
0.279574,0.368333,0.352093
0.269831,0.372103,0.358066
0.261133,0.375898,0.362969
0.26249,0.374998,0.362512
0.273788,0.369941,0.356271
0.281184,0.362739,0.356076
0.283178,0.361447,0.355375
0.281184,0.36274,0.356076
0.270173,0.369928,0.359899
0.283548,0.364766,0.351687
0.28537,0.360471,0.354158
0.293044,0.360028,0.346927
0.280265,0.377431,0.342304
0.2923,0.363801,0.343899
0.294071,0.363189,0.34274
0.286164,0.36891,0.344927
0.280247,0.377733,0.34202
0.272886,0.385027,0.342087
0.27823,0.379721,0.342049
0.280699,0.376825,0.342476
0.27063,0.387285,0.342085
0.273834,0.384081,0.342085
0.281687,0.37632,0.341993
0.275043,0.382878,0.342079
0.27561,0.379442,0.344949
0.284489,0.37247,0.343041
0.293326,0.363016,0.343658
0.285081,0.367723,0.347196
0.284403,0.372059,0.343538
0.285902,0.366523,0.347575
0.298029,0.359728,0.342243
0.326872,0.338702,0.334426
0.377786,0.309494,0.312719
0.347402,0.322603,0.329995
0.295705,0.348564,0.355731
0.296646,0.356346,0.347009
0.302247,0.353109,0.344644
0.307752,0.349198,0.34305
0.352731,0.320309,0.32696
0.311178,0.34978,0.339042
0.287037,0.361366,0.351597
0.302431,0.351992,0.345577
0.29313,0.361096,0.345774
0.286466,0.371659,0.341875
0.293334,0.363137,0.343529
0.294038,0.364367,0.341595
0.293066,0.365297,0.341638
0.299979,0.35798,0.342041
0.298295,0.358385,0.34332
0.294551,0.363876,0.341572
0.291112,0.367171,0.341717
0.294238,0.364176,0.341586
0.298501,0.359263,0.342236
0.290268,0.360628,0.349104
0.27806,0.366613,0.355327
0.303262,0.356977,0.339762
0.267516,0.380715,0.351769
0.293983,0.355806,0.350211
0.291155,0.35819,0.350654
0.288404,0.360791,0.350805
0.282777,0.362817,0.354406
0.278631,0.364399,0.356971
0.279835,0.363615,0.356549
0.279178,0.370476,0.350346
0.275522,0.376043,0.348434
0.268408,0.379852,0.351739
0.275935,0.378528,0.345536
0.283315,0.372864,0.343821
0.287148,0.370997,0.341855
0.290548,0.367714,0.341738
0.293146,0.364943,0.341911
0.303081,0.355771,0.341148
0.301093,0.355953,0.342954
0.307769,0.357795,0.334436
0.303663,0.351266,0.345071
0.304141,0.352906,0.342952
0.305867,0.365081,0.329053
0.283325,0.419295,0.29738
0.270476,0.428194,0.30133
0.281595,0.374185,0.34422
0.287948,0.362112,0.34994
0.300649,0.355937,0.343414
0.29687,0.358527,0.344604
0.297273,0.368989,0.333738
0.297311,0.37172,0.330969
0.299229,0.374666,0.326105
0.300044,0.360514,0.339442
0.283521,0.366699,0.34978
0.294149,0.359861,0.34599
0.293965,0.361674,0.344361
0.287347,0.363128,0.349525
0.297921,0.364424,0.337655
0.293992,0.36078,0.345228
0.306581,0.351542,0.341877
0.303954,0.351761,0.344285
0.296102,0.360738,0.34316
0.292345,0.365987,0.341668
0.275381,0.382051,0.342568
0.275304,0.382619,0.342077
0.274725,0.383194,0.342081
0.272057,0.385856,0.342087
0.264851,0.393121,0.342028
0.230455,0.429469,0.340076
0.237462,0.421827,0.340712
0.231085,0.428777,0.340138
0.219938,0.44119,0.338872
0.227396,0.432847,0.339757
0.215925,0.445744,0.338331
0.227026,0.433258,0.339717
0.214628,0.447226,0.338146
0.230421,0.429506,0.340072
0.236268,0.42312,0.340612
0.241975,0.397766,0.36026
0.253313,0.381114,0.365573
0.264613,0.373592,0.361795
0.250872,0.382753,0.366375
0.249565,0.383633,0.366802
0.206999,0.413159,0.379842
0.240266,0.389933,0.369801
0.244555,0.387018,0.368427
0.24955,0.384274,0.366176
0.268971,0.370718,0.360311
0.294341,0.362241,0.343418
0.277708,0.380236,0.342056
0.276621,0.379791,0.343587
0.294953,0.362937,0.342109
0.273159,0.384754,0.342087
0.254524,0.403735,0.341741
0.283704,0.374346,0.341949
0.283385,0.367999,0.348616
0.296891,0.350721,0.352388
0.374355,0.327276,0.298369
0.263295,0.377229,0.359476
0.281835,0.368939,0.349226
0.409513,0.303615,0.286872
0.3053,0.358313,0.336387
0.517102,0.249796,0.233102
0.440712,0.299203,0.260085
0.357175,0.320399,0.322426
0.427381,0.301639,0.27098
0.411956,0.296255,0.291789
0.345951,0.342438,0.311611
0.303836,0.390244,0.305919
0.305805,0.359878,0.334316
0.295676,0.36085,0.343474
0.297298,0.361261,0.34144
0.2804,0.377583,0.342017
0.274214,0.383703,0.342083
0.289449,0.366551,0.344001
0.27217,0.385743,0.342087
0.227681,0.432531,0.339788
0.233433,0.426205,0.340362
0.27234,0.382847,0.344813
0.293018,0.360251,0.346731
0.276742,0.395685,0.327573
0.262027,0.424074,0.313899
0.287306,0.376019,0.336675
0.290404,0.363012,0.346584
0.271288,0.408941,0.319772
0.294673,0.361547,0.34378
0.20522,0.551032,0.243748
0.206135,0.553791,0.240074
0.233613,0.49197,0.274417
0.219722,0.525318,0.25496
0.224537,0.509833,0.26563
0.196891,0.570318,0.232791
0.199256,0.569436,0.231308
0.142662,0.690107,0.167231
0.226926,0.518793,0.254281
0.292648,0.398954,0.308399
0.316129,0.345061,0.33881
0.263859,0.376487,0.359654
0.263596,0.373811,0.362593
0.292609,0.361351,0.34604
0.290979,0.361771,0.34725
0.275045,0.376767,0.348187
0.265468,0.382247,0.352284
0.263758,0.389886,0.346357
0.300342,0.351896,0.347762
0.249694,0.3877,0.362606
0.290946,0.356438,0.352615
0.300931,0.350638,0.348431
0.290134,0.358059,0.351806
0.248806,0.400291,0.350903
0.235423,0.442363,0.322214
0.18561,0.561947,0.252443
0.203213,0.536574,0.260213
0.231374,0.45609,0.312536
0.301812,0.350709,0.347479
0.280136,0.366584,0.35328
0.261999,0.422866,0.315135
0.241491,0.471269,0.28724
0.266699,0.407084,0.326218
0.25218,0.449772,0.298047
0.281721,0.385835,0.332444
0.279467,0.378501,0.342032
0.293798,0.359449,0.346753
0.270917,0.420314,0.308768
0.210051,0.538435,0.251514
0.240784,0.409571,0.349645
0.260124,0.379735,0.360141
0.299451,0.352121,0.348428
0.276489,0.372362,0.351149
0.252833,0.395836,0.351331
0.250702,0.407374,0.341924
0.263694,0.394298,0.342008
0.242804,0.416085,0.341111
0.216536,0.445048,0.338416
0.172948,0.497774,0.329278
0.184995,0.482538,0.332468
0.210692,0.451754,0.337553
0.23217,0.427586,0.340243
0.255517,0.402704,0.341779
0.240735,0.4183,0.340965
0.283782,0.373023,0.343195
0.292753,0.361111,0.346136
0.283038,0.357271,0.35969
0.317335,0.33443,0.348236
0.247356,0.495598,0.257046
0.251226,0.49469,0.254084
0.287556,0.419136,0.293307
0.265245,0.462903,0.271852
0.255578,0.464961,0.279461
0.224887,0.519497,0.255616
0.24176,0.491697,0.266542
0.308644,0.373387,0.317969
0.265707,0.444727,0.289567
0.282442,0.399447,0.318111
0.223184,0.511187,0.265629
0.219245,0.52519,0.255564
0.214387,0.512091,0.273522
0.225024,0.510801,0.264175
0.234246,0.480986,0.284768
0.225112,0.503954,0.270934
0.295218,0.363806,0.340976
0.210882,0.489289,0.299828
0.217535,0.455073,0.327391
0.172183,0.604484,0.223333
0.249858,0.424198,0.325944
0.194515,0.536982,0.268503
0.169964,0.637182,0.192854
0.215748,0.467128,0.317124
0.175759,0.58096,0.243281
0.195932,0.516875,0.287193
0.128449,0.695986,0.175565
0.165426,0.58738,0.247195
0.145555,0.629489,0.224955
0.201403,0.451673,0.346924
0.163145,0.579271,0.257585
0.22647,0.40425,0.36928
0.282494,0.36189,0.355616
0.295852,0.35458,0.349567
0.289471,0.364287,0.346242
0.289158,0.359277,0.351565
0.268312,0.386389,0.345299
0.285339,0.365536,0.349125
0.275902,0.379303,0.344794
0.279844,0.372923,0.347233
0.266421,0.391528,0.342051
0.292036,0.366284,0.34168
0.277459,0.386749,0.335792
0.184094,0.607274,0.208632
0.199134,0.574337,0.22653
0.242797,0.474678,0.282524
0.162426,0.660921,0.176653
0.221613,0.523333,0.255054
0.265555,0.433235,0.30121
0.256697,0.463408,0.279895
0.248432,0.448819,0.30275
0.295645,0.356829,0.347526
0.295552,0.362376,0.342072
0.286393,0.371729,0.341878
0.293536,0.362829,0.343636
0.329131,0.333614,0.337255
0.279878,0.374052,0.34607
0.272949,0.379979,0.347072
0.341485,0.322897,0.335618
0.282334,0.372006,0.345659
0.282111,0.373514,0.344375
0.359804,0.310935,0.329261
0.371231,0.30428,0.324489
0.295498,0.360305,0.344197
0.287527,0.368785,0.343688
0.274891,0.383029,0.34208
0.280074,0.374809,0.345117
0.274322,0.378457,0.347222
0.265709,0.38513,0.349161
0.27234,0.384526,0.343134
0.283113,0.374485,0.342402
0.265996,0.391959,0.342045
0.280161,0.377818,0.342021
0.25852,0.399599,0.341881
0.258647,0.399469,0.341885
0.233223,0.426434,0.340342
0.228638,0.431473,0.33989
0.24133,0.417661,0.341008
0.235693,0.423744,0.340563
0.262552,0.395462,0.341985
0.280696,0.376405,0.342899
0.275112,0.38281,0.342079
0.271535,0.386378,0.342087
0.280761,0.377228,0.342011
0.291357,0.365272,0.343371
0.296051,0.361476,0.342473
0.287789,0.370377,0.341835
0.290899,0.366907,0.342194
0.303269,0.354284,0.342448
0.304588,0.353257,0.342155
0.296042,0.359009,0.344949
0.293817,0.357835,0.348348
0.302095,0.35673,0.341175
0.293497,0.35727,0.349233
0.307408,0.351761,0.340831
0.258502,0.43618,0.305318
0.22284,0.510221,0.26694
0.208762,0.542256,0.248982
0.206994,0.553367,0.239639
0.218209,0.541582,0.240209
0.208716,0.551317,0.239967
0.241221,0.486354,0.272425
0.261755,0.450461,0.287783
0.248485,0.461912,0.289604
0.290295,0.408466,0.301239
0.274004,0.372231,0.353765
0.31936,0.347168,0.333473
0.256623,0.384211,0.359166
0.256684,0.384875,0.358441
0.282907,0.368209,0.348884
0.283882,0.373741,0.342377
0.284772,0.373005,0.342223
0.29462,0.360064,0.345316
0.313958,0.340162,0.345879
0.240233,0.474778,0.28499
0.217294,0.527873,0.254833
0.282775,0.376747,0.340479
0.259222,0.389632,0.351146
0.216321,0.473737,0.309942
0.207411,0.509439,0.28315
0.166572,0.559131,0.274297
0.176229,0.490758,0.333013
0.179486,0.483952,0.336562
0.186501,0.434606,0.378893
0.179444,0.513962,0.306594
0.17894,0.52305,0.298009
0.156658,0.577604,0.265737
0.154952,0.600513,0.244535
0.208445,0.443954,0.347601
0.186303,0.52118,0.292517
0.248904,0.412119,0.338976
0.234152,0.466773,0.299074
0.263896,0.428362,0.307742
0.228181,0.459918,0.311901
0.286477,0.363207,0.350316
0.278421,0.367448,0.354131
0.270474,0.381612,0.347914
0.276297,0.377062,0.34664
0.287743,0.361005,0.351252
0.248614,0.406132,0.345254
0.273853,0.378382,0.347765
0.277638,0.372559,0.349803
0.283541,0.361212,0.355247
0.289685,0.357249,0.353066
0.263817,0.374119,0.362064
0.245108,0.386643,0.368249
0.196389,0.424156,0.379454
0.156567,0.46889,0.374543
0.209307,0.41151,0.379183
0.207609,0.412723,0.379668
0.197164,0.420261,0.382576
0.206089,0.413811,0.380099
0.221397,0.402966,0.375637
0.223931,0.401195,0.374874
0.241789,0.389216,0.368995
0.230304,0.397588,0.372108
0.249222,0.383864,0.366914
0.257888,0.391957,0.350155
0.284186,0.361696,0.354118
0.249469,0.403193,0.347338
0.253993,0.407469,0.338539
0.303203,0.34973,0.347067
0.29324,0.358708,0.348052
0.294298,0.358332,0.34737
0.291181,0.356288,0.352532
0.29901,0.355255,0.345735
0.294684,0.366324,0.338992
0.251509,0.385075,0.363415
0.281173,0.36333,0.355498
0.252666,0.381548,0.365786
0.237284,0.39197,0.370746
0.182382,0.437686,0.379932
0.17452,0.504058,0.321422
0.155871,0.542984,0.301145
0.174946,0.515605,0.309449
0.157191,0.517827,0.324982
0.175385,0.464877,0.359738
0.143029,0.625879,0.231093
0.129838,0.647454,0.222708
0.106796,0.738861,0.154343
0.113563,0.743946,0.142492
0.156843,0.6473,0.195856
0.174307,0.591917,0.233776
0.142348,0.645185,0.212467
0.165938,0.574507,0.259555
0.182186,0.565342,0.252473
0.195858,0.533175,0.270967
0.274497,0.368875,0.356628
0.28508,0.360266,0.354655
0.276324,0.379859,0.343817
0.266116,0.386156,0.347728
0.274704,0.370241,0.355055
0.261958,0.384103,0.35394
0.251411,0.406983,0.341606
0.27006,0.387858,0.342082
0.242028,0.416915,0.341058
0.232352,0.427387,0.340261
0.245328,0.413397,0.341275
0.243118,0.415749,0.341132
0.223119,0.437613,0.339269
0.185407,0.482027,0.332567
0.208733,0.454026,0.337241
0.219427,0.441768,0.338806
0.19625,0.468783,0.334967
0.173273,0.497356,0.329371
0.181013,0.487512,0.331475
0.209855,0.452724,0.337421
0.201194,0.462878,0.335928
0.199114,0.465354,0.335533
0.228724,0.431377,0.339899
0.278511,0.379443,0.342046
0.252883,0.405444,0.341673
0.249245,0.409257,0.341498
0.249259,0.409242,0.341499
0.293077,0.365286,0.341637
0.296274,0.362235,0.341491
0.309414,0.353736,0.33685
0.298734,0.368151,0.333114
0.295139,0.353752,0.351109
0.268407,0.372142,0.359451
0.289226,0.360023,0.350751
0.297201,0.353799,0.349001
0.261776,0.379239,0.358985
0.214388,0.413609,0.372004
0.284995,0.360272,0.354733
0.261682,0.375533,0.362784
0.27216,0.368624,0.359216
0.24412,0.387313,0.368567
0.222328,0.412967,0.364705
0.237012,0.396689,0.366299
0.219464,0.426359,0.354177
0.248746,0.385822,0.365432
0.249234,0.384369,0.366397
0.284778,0.364384,0.350838
0.256301,0.379116,0.364584
0.272594,0.36834,0.359066
0.278008,0.374417,0.347574
0.285797,0.367777,0.346426
0.268879,0.385745,0.345376
0.265824,0.389008,0.345168
0.270599,0.383173,0.346227
0.285773,0.366161,0.348066
0.279354,0.375816,0.34483
0.288778,0.368259,0.342963
0.25859,0.399527,0.341883
0.28574,0.371797,0.342464
0.292603,0.358481,0.348916
0.291883,0.359406,0.348711
0.288171,0.361262,0.350567
0.290798,0.357536,0.351667
0.294617,0.355356,0.350027
0.283843,0.363025,0.353132
0.306302,0.346254,0.347444
0.284802,0.360912,0.354286
0.24578,0.397971,0.35625
0.27334,0.370519,0.356142
0.272966,0.369884,0.35715
0.239235,0.394234,0.366531
0.240917,0.393467,0.365616
0.240207,0.394465,0.365328
0.231019,0.419764,0.349217
0.224563,0.404702,0.370735
0.228778,0.401014,0.370208
0.245945,0.387742,0.366313
0.231326,0.396863,0.371811
0.232726,0.398579,0.368695
0.236965,0.396628,0.366407
0.300261,0.351618,0.348121
0.291592,0.365035,0.343373
0.286949,0.369812,0.343239
0.285085,0.370369,0.344547
0.275025,0.382896,0.342079
0.290147,0.3681,0.341753
0.3026,0.354459,0.342941
0.306281,0.352626,0.341093
0.298778,0.358495,0.342727
0.286402,0.370559,0.343039
0.271192,0.383311,0.345497
0.288683,0.36446,0.346857
0.291828,0.365967,0.342205
0.291537,0.365387,0.343076
0.296224,0.360602,0.343175
0.24368,0.387611,0.368709
0.233605,0.404353,0.362042
0.228541,0.415075,0.356384
0.24338,0.408155,0.348465
0.239246,0.408981,0.351773
0.252963,0.401655,0.345382
0.251832,0.401086,0.347082
0.255039,0.396105,0.348856
0.256299,0.400045,0.343655
0.238648,0.420545,0.340807
0.229407,0.430624,0.339969
0.236686,0.422666,0.340648
0.239823,0.41928,0.340897
0.240784,0.418247,0.340969
0.246737,0.411904,0.34136
0.254728,0.403523,0.341749
0.241974,0.416972,0.341054
0.267224,0.390716,0.34206
0.259698,0.398387,0.341915
0.283898,0.37302,0.343083
0.297995,0.354152,0.347853
0.295053,0.35708,0.347867
0.300577,0.354697,0.344726
0.300273,0.354899,0.344829
0.29887,0.358474,0.342655
0.289311,0.368372,0.342317
0.297038,0.35874,0.344223
0.288581,0.367878,0.343541
0.302405,0.355614,0.341981
0.302564,0.356289,0.341147
0.282118,0.375897,0.341985
0.294281,0.364135,0.341584
0.282807,0.369597,0.347596
0.283464,0.369907,0.346629
0.286465,0.369185,0.344351
0.283764,0.365582,0.350654
0.284379,0.365169,0.350452
0.27516,0.366661,0.358179
0.276894,0.366075,0.357031
0.295901,0.356141,0.347958
0.29179,0.357819,0.350391
0.292861,0.356934,0.350205
0.263714,0.376938,0.359349
0.279851,0.365068,0.355081
0.263895,0.376511,0.359593
0.241401,0.396193,0.362405
0.229193,0.449465,0.321343
0.291759,0.358286,0.349954
0.268701,0.373796,0.357503
0.233932,0.399045,0.367023
0.24046,0.415119,0.344421
0.227328,0.468925,0.303747
0.254498,0.443678,0.301824
0.224535,0.519372,0.256093
0.216743,0.483953,0.299304
0.211847,0.485511,0.302642
0.209788,0.456302,0.33391
0.188502,0.496588,0.31491
0.205963,0.464473,0.329563
0.253421,0.383102,0.363477
0.262207,0.377348,0.360445
0.283787,0.361053,0.35516
0.261881,0.375402,0.362718
0.277906,0.364871,0.357224
0.295163,0.353737,0.351101
0.280388,0.376492,0.34312
0.266412,0.391537,0.342051
0.249519,0.408969,0.341513
0.25779,0.400352,0.341858
0.270214,0.387703,0.342083
0.286878,0.371258,0.341863
0.298602,0.357669,0.34373
0.29093,0.36507,0.344
0.282469,0.375554,0.341977
0.281569,0.37239,0.346041
0.299182,0.372309,0.328508
0.293181,0.376597,0.330222
0.292504,0.386951,0.320545
0.282908,0.379097,0.337996
0.301061,0.378459,0.32048
0.292056,0.371286,0.336657
0.302393,0.345853,0.351753
0.301374,0.35637,0.342256
0.243194,0.435769,0.321037
0.246369,0.433289,0.320342
0.23384,0.450003,0.316156
0.233734,0.442401,0.323865
0.240571,0.39429,0.365139
0.265782,0.375236,0.358982
0.242345,0.392908,0.364748
0.300127,0.350713,0.34916
0.29077,0.358735,0.350495
0.286131,0.366862,0.347006
0.291781,0.362745,0.345474
0.284588,0.371862,0.34355
0.280404,0.377579,0.342017
0.283974,0.371953,0.344073
0.29573,0.359444,0.344826
0.30037,0.355608,0.344021
0.301972,0.356846,0.341182
0.278536,0.370045,0.351419
0.221011,0.456098,0.322891
0.197083,0.525186,0.277731
0.194431,0.496529,0.309039
0.198137,0.486537,0.315326
0.187507,0.552165,0.260328
0.172041,0.602306,0.225652
0.192495,0.54798,0.259524
0.174055,0.572313,0.253632
0.181532,0.533152,0.285316
0.210983,0.422196,0.366821
0.301935,0.351286,0.346779
0.288755,0.363694,0.347551
0.291792,0.363402,0.344806
0.293101,0.363421,0.343478
0.278265,0.375809,0.345926
0.267386,0.382265,0.350349
0.25986,0.389928,0.350213
0.261031,0.396124,0.342845
0.248338,0.410212,0.34145
0.249067,0.409444,0.341489
0.273124,0.381006,0.34587
0.280582,0.377194,0.342224
0.279631,0.377934,0.342435
0.283305,0.374737,0.341959
0.29029,0.367961,0.341748
0.276426,0.381505,0.342069
0.288987,0.369218,0.341795
0.285407,0.372077,0.342515
0.301106,0.354829,0.344064
0.297045,0.354853,0.348101
0.294917,0.357746,0.347337
0.294971,0.353038,0.351991
0.285542,0.36262,0.351838
0.308063,0.342662,0.349275
0.295961,0.35865,0.345389
0.300342,0.357724,0.341934
0.302584,0.353264,0.344152
0.289001,0.359726,0.351273
0.294116,0.359111,0.346773
0.293615,0.364771,0.341614
0.293332,0.365042,0.341626
0.28381,0.370949,0.345242
0.292044,0.36529,0.342665
0.295722,0.358445,0.345833
0.297495,0.357752,0.344752
0.304006,0.351536,0.344457
0.295963,0.360269,0.343768
0.294415,0.364006,0.341578
0.301854,0.353808,0.344339
0.291556,0.357091,0.351354
0.264121,0.377725,0.358154
0.250513,0.422203,0.327284
0.231588,0.436532,0.33188
0.251316,0.386152,0.362532
0.257994,0.378725,0.363281
0.252689,0.381533,0.365778
0.243567,0.387688,0.368745
0.219369,0.404794,0.375837
0.216927,0.4069,0.376173
0.224008,0.401141,0.37485
0.217522,0.405687,0.376791
0.230864,0.396384,0.372752
0.232568,0.395209,0.372224
0.231084,0.396232,0.372684
0.230957,0.396319,0.372723
0.23742,0.391877,0.370703
0.187635,0.427258,0.385107
0.200119,0.418452,0.38143
0.229695,0.397192,0.373113
0.230868,0.396381,0.372751
0.228864,0.397767,0.373369
0.236976,0.392181,0.370843
0.229645,0.397227,0.373129
0.214861,0.407565,0.377574
0.22653,0.399386,0.374084
0.236082,0.392794,0.371125
0.28181,0.362333,0.355856
0.274607,0.367296,0.358097
0.266905,0.372079,0.361016
0.265685,0.372884,0.361431
0.262134,0.375233,0.362632
0.279278,0.366655,0.354067
0.29009,0.360781,0.34913
0.300539,0.355777,0.343684
0.302763,0.355946,0.34129
0.286957,0.360212,0.352831
0.277113,0.365387,0.3575
0.288041,0.358307,0.353652
0.29245,0.358535,0.349015
0.293151,0.362145,0.344704
0.295222,0.35851,0.346267
0.277515,0.365125,0.35736
0.251318,0.382454,0.366229
0.232281,0.395406,0.372313
0.209485,0.411383,0.379132
0.224071,0.401098,0.374831
0.235312,0.393321,0.371366
0.227738,0.399966,0.372296
0.222195,0.402408,0.375397
0.196673,0.420618,0.382709
0.184871,0.431907,0.383222
0.183057,0.435912,0.381031
0.260081,0.377938,0.361981
0.281005,0.363917,0.355079
0.298793,0.358008,0.343199
0.291135,0.358372,0.350493
0.289671,0.357258,0.353071
0.278707,0.364349,0.356944
0.299871,0.352138,0.347991
0.300178,0.358509,0.341313
0.300672,0.35807,0.341258
0.30304,0.354877,0.342083
0.269441,0.372959,0.3576
0.279219,0.366569,0.354212
0.267357,0.399165,0.333478
0.270634,0.376449,0.352917
0.29764,0.356605,0.345755
0.286788,0.357952,0.35526
0.287819,0.373135,0.339047
0.293054,0.356761,0.350185
0.307834,0.349152,0.343013
0.284323,0.368053,0.347624
0.270474,0.372806,0.35672
0.255883,0.409265,0.334851
0.226988,0.414507,0.358505
0.25038,0.470471,0.279149
0.20379,0.507199,0.289011
0.199251,0.472575,0.328173
0.317074,0.348696,0.33423
0.278377,0.391411,0.330212
0.277546,0.367792,0.354662
0.26478,0.393193,0.342027
0.276658,0.381275,0.342067
0.278332,0.37962,0.342048
0.259713,0.398372,0.341916
0.226307,0.434056,0.339638
0.214099,0.447832,0.338069
0.23304,0.426634,0.340325
0.272111,0.383794,0.344095
0.285407,0.370647,0.343946
0.29298,0.364214,0.342806
0.251191,0.385102,0.363707
0.284773,0.369227,0.345999
0.270794,0.378699,0.350507
0.280607,0.370952,0.348442
0.29504,0.357098,0.347862
0.280381,0.366479,0.35314
0.289429,0.368792,0.341779
0.293621,0.363327,0.343052
0.273781,0.367563,0.358656
0.267819,0.379515,0.352666
0.255749,0.379484,0.364767
0.247666,0.384913,0.367421
0.275392,0.367777,0.356832
0.276416,0.366664,0.35692
0.251929,0.382043,0.366028
0.256001,0.379316,0.364683
0.235262,0.393356,0.371382
