0,1,2
-0.944908,-0.562794,-0.710622
-0.947288,-0.563148,-0.710622
-0.948818,-0.562912,-0.711897
-0.949498,-0.563089,-0.713664
-0.948648,-0.563207,-0.715725
-0.943548,-0.562558,-0.715921
-0.943888,-0.56303,-0.714841
-0.943038,-0.562971,-0.714841
-0.944228,-0.562676,-0.715038
-0.947118,-0.562204,-0.714351
-0.946608,-0.562027,-0.713271
-0.947288,-0.56244,-0.713173
-0.947968,-0.563383,-0.712682
-0.950179,-0.562794,-0.711897
-0.946948,-0.56244,-0.712977
-0.945758,-0.562912,-0.712977
-0.943378,-0.562676,-0.712486
-0.942868,-0.562912,-0.71229
-0.943208,-0.562676,-0.712486
-0.940827,-0.562794,-0.712781
-0.942358,-0.563266,-0.712682
-0.943888,-0.564622,-0.712879
-0.944228,-0.564504,-0.713173
-0.941848,-0.564504,-0.712584
-0.941848,-0.564858,-0.711897
-0.941337,-0.564327,-0.71229
-0.942018,-0.564209,-0.712879
-0.942868,-0.564032,-0.713369
-0.942018,-0.563914,-0.713369
-0.943208,-0.564445,-0.713762
-0.947968,-0.564917,-0.714547
-0.947118,-0.564799,-0.714743
-0.948478,-0.564268,-0.714253
-0.949158,-0.564563,-0.713958
-0.946948,-0.564386,-0.713664
-0.946438,-0.564327,-0.713958
-0.947968,-0.56356,-0.713958
-0.948138,-0.563442,-0.713762
-0.950179,-0.563678,-0.713075
-0.953239,-0.563796,-0.713664
-0.951709,-0.563501,-0.713173
-0.952899,-0.563678,-0.713271
-0.952219,-0.563266,-0.713369
-0.951879,-0.563914,-0.713271
-0.951539,-0.564327,-0.713468
-0.947798,-0.564209,-0.712879
-0.946948,-0.564032,-0.712486
-0.943548,-0.56356,-0.712486
-0.944058,-0.563442,-0.712781
-0.941337,-0.562971,-0.712584
-0.941337,-0.563207,-0.712682
-0.941167,-0.563325,-0.713075
-0.939297,-0.562558,-0.712682
-0.938787,-0.562676,-0.712388
-0.937597,-0.562676,-0.711799
-0.934367,-0.562676,-0.712486
-0.935047,-0.562676,-0.712977
-0.930966,-0.56244,-0.712486
-0.930626,-0.561674,-0.712682
-0.928586,-0.561556,-0.713271
-0.928076,-0.561261,-0.713468
-0.926206,-0.560376,-0.713075
-0.926886,-0.56073,-0.712781
-0.929096,-0.56073,-0.712192
-0.928756,-0.560907,-0.711799
-0.930626,-0.561143,-0.712879
-0.931306,-0.561615,-0.712781
-0.933347,-0.561732,-0.712486
-0.928076,-0.561615,-0.712388
-0.927906,-0.562381,-0.712879
-0.927906,-0.562499,-0.712879
-0.925356,-0.562263,-0.712879
-0.924676,-0.562322,-0.712977
-0.923145,-0.562027,-0.712977
-0.922295,-0.561615,-0.712781
-0.921105,-0.56185,-0.712682
-0.914814,-0.561674,-0.712781
-0.913114,-0.561556,-0.712977
-0.917535,-0.561674,-0.713075
-0.916855,-0.561674,-0.712682
-0.917365,-0.561968,-0.712682
-0.918555,-0.560966,-0.712682
-0.917705,-0.560848,-0.712584
-0.918215,-0.560907,-0.71229
-0.918385,-0.560671,-0.712486
-0.919575,-0.560671,-0.712388
-0.921785,-0.560671,-0.711897
-0.920255,-0.560671,-0.712192
-0.917535,-0.560317,-0.71229
-0.915834,-0.560199,-0.711996
-0.912944,-0.560199,-0.709935
-0.913454,-0.559905,-0.710229
-0.912774,-0.559846,-0.709837
-0.914134,-0.559905,-0.710131
-0.913114,-0.559728,-0.706991
-0.913794,-0.559905,-0.707874
-0.918215,-0.55902,-0.706696
-0.918725,-0.559256,-0.706107
-0.921445,-0.559728,-0.706794
-0.922125,-0.559492,-0.706893
-0.918045,-0.558961,-0.706696
-0.918895,-0.558372,-0.705911
-0.915494,-0.558313,-0.704341
-0.917875,-0.558784,-0.703654
-0.914644,-0.558313,-0.703065
-0.914304,-0.558489,-0.703163
-0.913624,-0.558372,-0.703752
-0.916515,-0.558548,-0.703065
-0.913964,-0.557723,-0.703752
-0.912944,-0.557487,-0.705028
-0.913284,-0.556956,-0.705617
-0.911924,-0.55731,-0.706402
-0.912944,-0.556662,-0.705617
-0.911584,-0.556485,-0.705028
-0.912264,-0.556839,-0.705224
-0.911754,-0.556721,-0.705617
-0.911244,-0.557251,-0.706206
-0.911924,-0.557192,-0.707579
-0.911924,-0.557664,-0.706893
-0.911414,-0.557605,-0.706107
-0.911754,-0.557487,-0.705715
-0.910904,-0.557605,-0.705519
-0.909884,-0.556839,-0.705126
-0.909374,-0.556603,-0.704832
-0.910224,-0.55678,-0.7065
-0.909714,-0.556662,-0.709542
-0.909204,-0.556721,-0.708953
-0.909374,-0.556721,-0.70807
-0.910224,-0.556662,-0.708855
-0.910734,-0.556131,-0.708757
-0.907163,-0.555541,-0.708855
-0.906313,-0.5556,-0.708757
-0.904783,-0.554008,-0.708659
-0.904953,-0.550824,-0.707972
-0.903763,-0.550058,-0.707776
-0.900533,-0.549055,-0.707579
-0.900873,-0.549468,-0.708561
-0.899512,-0.545341,-0.708561
-0.898832,-0.545341,-0.709051
-0.897472,-0.545046,-0.709346
-0.901383,-0.545812,-0.709444
-0.902403,-0.546638,-0.710523
-0.905463,-0.546638,-0.711407
-0.908524,-0.546874,-0.711112
-0.903083,-0.543513,-0.710229
-0.901043,-0.544515,-0.710033
-0.899853,-0.543749,-0.710033
-0.900193,-0.543867,-0.709935
-0.903763,-0.54481,-0.710523
-0.902063,-0.544574,-0.710425
-0.899172,-0.543867,-0.710622
-0.899512,-0.542333,-0.710523
-0.900023,-0.542982,-0.71072
-0.898492,-0.542216,-0.710916
-0.895772,-0.54369,-0.711112
-0.893902,-0.544692,-0.710229
-0.892542,-0.545459,-0.711014
-0.894242,-0.546107,-0.711014
-0.893222,-0.545223,-0.711014
-0.891862,-0.545694,-0.711112
-0.891522,-0.546461,-0.711309
-0.889991,-0.545341,-0.710033
-0.892372,-0.542216,-0.710818
-0.896282,-0.542275,-0.711014
-0.902573,-0.545576,-0.711897
-0.900363,-0.547051,-0.711897
-0.900363,-0.546343,-0.711505
-0.897642,-0.545694,-0.710818
-0.894922,-0.546284,-0.710622
-0.896962,-0.54764,-0.710523
-0.895602,-0.548878,-0.710523
-0.891692,-0.548702,-0.710327
-0.891522,-0.548878,-0.709935
-0.893902,-0.549291,-0.709935
-0.893732,-0.550529,-0.710131
-0.895432,-0.55106,-0.710033
-0.898322,-0.552711,-0.710523
-0.895602,-0.552534,-0.710523
-0.894752,-0.552357,-0.711014
-0.899002,-0.553065,-0.71121
-0.906993,-0.553242,-0.711309
-0.904613,-0.55277,-0.711309
-0.906653,-0.553124,-0.71121
-0.902063,-0.552947,-0.711309
-0.901213,-0.55336,-0.711701
-0.902233,-0.552888,-0.711701
-0.899172,-0.550942,-0.711603
-0.895942,-0.551768,-0.711309
-0.896452,-0.550824,-0.711014
-0.896112,-0.551001,-0.710622
-0.897302,-0.552004,-0.71072
-0.897472,-0.552004,-0.70807
-0.899512,-0.552357,-0.708757
-0.901213,-0.553242,-0.709346
-0.902403,-0.553183,-0.708757
-0.902743,-0.55336,-0.708855
-0.902743,-0.552475,-0.708365
-0.904273,-0.553242,-0.708855
-0.906483,-0.553537,-0.709738
-0.905633,-0.553478,-0.710131
-0.903763,-0.552947,-0.709935
-0.905633,-0.551886,-0.709738
-0.908184,-0.55165,-0.709444
-0.905973,-0.552475,-0.709837
-0.902913,-0.552593,-0.709738
-0.900533,-0.551827,-0.709346
-0.896282,-0.551886,-0.708757
-0.895092,-0.551532,-0.708953
-0.896452,-0.550824,-0.708561
-0.896622,-0.550824,-0.708463
-0.898322,-0.550588,-0.708168
-0.896622,-0.549881,-0.708168
-0.898492,-0.550294,-0.708266
-0.897642,-0.551532,-0.708659
-0.896792,-0.551709,-0.708757
-0.898322,-0.551709,-0.708953
-0.898322,-0.550824,-0.708463
-0.897812,-0.550235,-0.707972
-0.896962,-0.550176,-0.707678
-0.898152,-0.550058,-0.708561
-0.898492,-0.549232,-0.708168
-0.901553,-0.552239,-0.708168
-0.905293,-0.553006,-0.708855
-0.903763,-0.553124,-0.709248
-0.901893,-0.552534,-0.708953
-0.901553,-0.552888,-0.707776
-0.904273,-0.552475,-0.707972
-0.904613,-0.552534,-0.708659
-0.905803,-0.552416,-0.708757
-0.903423,-0.552121,-0.707285
-0.904273,-0.551473,-0.706893
-0.903083,-0.550588,-0.706893
-0.897812,-0.549822,-0.7065
-0.899002,-0.55106,-0.707579
-0.898662,-0.551178,-0.707383
-0.900023,-0.552004,-0.7065
-0.902743,-0.552534,-0.707481
-0.905803,-0.552534,-0.707678
-0.905803,-0.553183,-0.708463
-0.906143,-0.553478,-0.708168
-0.909034,-0.553772,-0.707972
-0.908694,-0.553949,-0.707579
-0.905633,-0.553772,-0.707481
-0.908524,-0.554244,-0.708365
-0.909374,-0.55507,-0.708855
-0.911924,-0.5556,-0.708855
-0.914474,-0.555836,-0.709248
-0.909374,-0.555364,-0.708168
-0.910734,-0.555659,-0.708463
-0.906313,-0.555011,-0.70807
-0.908864,-0.555659,-0.708168
-0.905803,-0.556131,-0.708266
-0.904273,-0.556013,-0.707874
-0.904783,-0.555659,-0.707678
-0.903933,-0.555423,-0.707187
-0.900193,-0.555129,-0.707285
-0.896962,-0.555482,-0.707187
-0.895772,-0.555777,-0.707285
-0.892882,-0.555659,-0.706794
-0.891692,-0.556072,-0.707383
-0.894582,-0.556839,-0.707678
-0.894752,-0.557074,-0.707776
-0.892542,-0.557133,-0.707481
-0.892712,-0.5579,-0.708168
-0.888971,-0.5579,-0.708168
-0.884381,-0.558313,-0.708365
-0.88285,-0.557723,-0.707972
-0.87775,-0.557959,-0.707481
-0.87758,-0.557074,-0.707481
-0.874349,-0.556662,-0.707089
-0.871799,-0.557015,-0.707579
-0.869249,-0.557487,-0.707874
-0.87486,-0.558195,-0.708168
-0.8752,-0.558254,-0.707776
-0.87588,-0.558254,-0.707776
-0.872649,-0.557251,-0.707383
-0.87673,-0.557428,-0.708365
-0.87486,-0.556897,-0.708463
-0.88268,-0.558843,-0.710033
-0.884551,-0.559433,-0.710327
-0.894922,-0.560789,-0.71072
-0.884381,-0.559433,-0.709837
-0.889651,-0.560258,-0.710622
-0.884551,-0.558784,-0.70964
-0.88285,-0.559551,-0.709051
-0.87945,-0.558843,-0.709051
-0.88098,-0.559374,-0.70915
-0.88098,-0.55961,-0.709346
-0.888461,-0.560789,-0.710327
-0.893562,-0.561084,-0.711603
-0.893392,-0.560789,-0.711897
-0.884551,-0.559079,-0.71121
-0.883191,-0.559315,-0.710622
-0.884551,-0.560082,-0.711112
-0.87945,-0.559374,-0.71072
-0.87605,-0.558902,-0.710033
-0.87605,-0.558431,-0.710131
-0.87877,-0.558961,-0.710033
-0.88064,-0.558961,-0.710523
-0.884381,-0.559492,-0.711112
-0.88132,-0.559138,-0.71121
-0.87928,-0.557664,-0.710622
-0.87911,-0.557782,-0.710818
-0.88251,-0.558195,-0.71121
-0.88132,-0.557723,-0.71121
-0.87894,-0.55731,-0.710425
-0.87656,-0.556308,-0.710327
-0.87452,-0.556013,-0.710033
-0.870779,-0.556013,-0.709346
-0.864998,-0.556485,-0.709346
-0.864148,-0.557015,-0.709248
-0.864828,-0.557369,-0.709346
-0.870099,-0.558666,-0.709444
-0.868739,-0.558313,-0.708953
-0.869419,-0.558254,-0.709542
-0.871289,-0.558254,-0.709051
-0.872479,-0.558784,-0.710131
-0.87588,-0.559256,-0.710425
-0.88064,-0.560023,-0.710229
-0.884041,-0.560966,-0.71072
-0.885061,-0.559492,-0.71072
-0.88217,-0.558902,-0.70964
-0.88268,-0.558136,-0.708561
-0.886421,-0.557782,-0.708561
-0.87673,-0.556956,-0.707972
-0.870779,-0.557192,-0.708168
-0.869929,-0.557192,-0.70807
-0.866699,-0.556013,-0.707972
-0.859728,-0.555659,-0.707874
-0.860748,-0.556721,-0.708266
-0.859558,-0.556013,-0.707678
-0.871629,-0.556426,-0.708168
-0.873329,-0.557487,-0.708365
-0.87469,-0.557369,-0.707874
-0.868059,-0.556662,-0.707579
-0.872139,-0.557428,-0.707776
-0.870609,-0.557192,-0.707874
-0.868569,-0.556308,-0.707383
-0.868399,-0.555836,-0.706696
-0.868569,-0.556956,-0.706991
-0.872819,-0.557959,-0.707285
-0.872309,-0.558254,-0.707481
-0.869419,-0.557133,-0.705028
-0.870779,-0.556897,-0.705126
-0.871119,-0.557015,-0.705813
-0.867719,-0.556544,-0.70542
-0.873329,-0.557605,-0.706009
-0.8786,-0.557369,-0.705715
-0.87894,-0.556662,-0.704243
-0.88166,-0.557074,-0.704537
-0.87673,-0.556839,-0.704047
-0.87877,-0.557251,-0.70336
-0.88251,-0.557959,-0.704145
-0.883871,-0.558136,-0.70493
-0.886931,-0.557133,-0.70542
-0.883021,-0.556544,-0.705224
-0.887951,-0.557428,-0.705617
-0.889651,-0.557959,-0.705519
-0.883191,-0.556897,-0.70493
-0.884721,-0.55678,-0.70542
-0.88013,-0.555836,-0.704832
-0.87724,-0.555541,-0.70493
-0.87622,-0.555659,-0.704439
-0.87452,-0.556013,-0.703752
-0.87571,-0.556308,-0.703458
-0.87656,-0.556426,-0.70385
-0.87571,-0.557074,-0.706009
-0.874179,-0.55678,-0.705911
-0.8752,-0.55731,-0.706304
-0.87673,-0.557841,-0.706991
-0.88115,-0.558607,-0.707579
-0.88183,-0.558725,-0.707481
-0.88081,-0.558666,-0.707874
-0.88013,-0.559138,-0.70807
-0.872989,-0.558136,-0.707972
-0.872819,-0.558372,-0.708168
-0.871799,-0.557605,-0.70807
-0.869249,-0.557782,-0.707972
-0.867549,-0.557959,-0.707579
-0.869589,-0.558431,-0.707579
-0.868399,-0.558077,-0.707383
-0.868399,-0.558195,-0.707579
-0.865168,-0.557959,-0.707874
-0.864148,-0.557723,-0.70807
-0.861768,-0.557074,-0.708463
-0.859558,-0.55731,-0.708659
-0.859898,-0.55731,-0.708365
-0.859048,-0.557369,-0.708168
-0.859388,-0.557782,-0.707776
-0.860068,-0.5579,-0.707776
-0.860748,-0.558372,-0.711309
-0.858368,-0.558666,-0.708855
-0.855987,-0.558018,-0.708659
-0.856667,-0.557546,-0.708757
-0.860578,-0.557723,-0.708855
-0.856837,-0.557192,-0.708757
-0.860578,-0.556721,-0.708266
-0.846976,-0.556839,-0.707972
-0.847996,-0.557074,-0.707285
-0.846636,-0.55678,-0.706991
-0.843746,-0.556956,-0.706893
-0.842046,-0.556956,-0.707187
-0.842216,-0.55678,-0.706893
-0.842726,-0.556013,-0.706402
-0.840345,-0.555541,-0.705813
-0.838135,-0.555718,-0.70542
-0.835585,-0.555659,-0.705519
-0.831674,-0.554893,-0.705322
-0.823173,-0.554893,-0.70493
-0.823003,-0.555423,-0.705911
-0.818243,-0.555129,-0.705617
-0.814842,-0.555011,-0.704537
-0.820793,-0.55507,-0.704243
-0.818583,-0.554716,-0.70385
-0.818583,-0.555541,-0.70336
-0.811952,-0.555423,-0.703654
-0.812972,-0.555541,-0.70385
-0.811272,-0.555423,-0.703654
-0.808212,-0.5556,-0.704145
-0.806341,-0.556013,-0.704243
-0.801411,-0.55619,-0.704145
-0.79784,-0.556485,-0.704341
-0.79682,-0.556308,-0.703752
-0.79648,-0.556131,-0.703948
-0.802601,-0.556839,-0.704145
-0.804131,-0.557015,-0.704537
-0.803961,-0.556897,-0.704537
-0.79801,-0.556839,-0.704635
-0.79648,-0.556897,-0.703458
-0.79291,-0.557251,-0.702673
-0.784749,-0.556956,-0.702575
-0.773697,-0.557546,-0.703163
-0.775738,-0.557251,-0.70336
-0.775738,-0.557192,-0.703163
-0.767747,-0.557133,-0.70336
-0.765196,-0.557487,-0.70336
-0.767067,-0.557369,-0.703262
-0.768597,-0.557428,-0.703752
-0.770297,-0.557251,-0.703948
-0.764686,-0.557015,-0.70179
-0.760946,-0.556897,-0.701397
-0.759246,-0.556426,-0.701495
-0.763326,-0.556367,-0.70179
-0.768597,-0.556131,-0.701888
-0.758736,-0.55619,-0.70228
-0.753295,-0.556544,-0.701397
-0.755845,-0.557133,-0.70336
-0.751085,-0.557133,-0.703654
-0.749725,-0.557428,-0.704537
-0.753635,-0.557782,-0.705028
-0.754825,-0.557546,-0.704537
-0.756695,-0.557074,-0.704341
-0.765706,-0.557782,-0.704243
-0.778458,-0.558018,-0.705126
-0.763326,-0.557959,-0.705126
-0.764006,-0.558195,-0.704832
-0.774718,-0.558489,-0.704537
-0.782198,-0.558843,-0.704537
-0.782879,-0.559079,-0.705322
-0.788659,-0.55961,-0.70542
-0.763156,-0.559256,-0.704734
-0.764346,-0.559256,-0.704341
-0.766727,-0.559374,-0.704439
-0.776588,-0.559374,-0.704537
-0.777438,-0.559079,-0.704145
-0.775568,-0.559551,-0.704047
-0.777608,-0.559846,-0.705028
-0.786109,-0.560376,-0.70542
-0.783899,-0.560082,-0.705028
-0.784579,-0.560082,-0.7065
-0.784069,-0.560023,-0.706598
-0.783389,-0.56014,-0.704635
-0.785429,-0.559079,-0.705126
-0.789679,-0.559197,-0.706598
-0.7924,-0.559374,-0.706991
-0.79597,-0.559728,-0.707089
-0.804131,-0.559846,-0.707579
-0.804131,-0.560612,-0.708168
-0.788149,-0.560317,-0.707383
-0.790359,-0.560553,-0.706107
-0.783389,-0.56014,-0.705911
-0.786109,-0.560553,-0.706402
-0.787639,-0.560199,-0.706696
-0.782538,-0.559728,-0.705519
-0.778968,-0.559964,-0.706304
-0.779818,-0.56014,-0.706893
-0.788319,-0.56073,-0.707776
-0.786619,-0.561084,-0.707972
-0.787469,-0.560612,-0.707972
-0.782879,-0.560199,-0.707089
-0.782879,-0.560848,-0.707285
-0.778458,-0.560553,-0.7065
-0.783049,-0.560376,-0.707187
-0.780498,-0.560023,-0.706794
-0.782538,-0.560494,-0.706794
-0.782879,-0.560671,-0.706991
-0.781518,-0.560317,-0.706696
-0.775568,-0.560199,-0.70542
-0.774718,-0.55902,-0.705224
-0.775568,-0.558784,-0.704145
-0.779818,-0.55961,-0.705126
-0.777438,-0.559374,-0.704145
-0.783389,-0.559905,-0.704537
-0.782709,-0.559728,-0.705519
-0.781348,-0.559197,-0.705322
-0.784239,-0.55902,-0.705715
-0.776588,-0.558254,-0.705715
-0.772167,-0.558784,-0.706304
-0.768597,-0.558313,-0.706206
-0.763156,-0.558489,-0.705813
-0.765366,-0.558843,-0.705911
-0.761116,-0.559079,-0.705617
-0.764176,-0.55961,-0.705813
-0.766047,-0.559905,-0.705617
-0.768937,-0.560199,-0.704832
-0.765706,-0.559964,-0.70385
-0.764686,-0.559905,-0.702673
-0.764686,-0.560199,-0.704439
-0.765026,-0.559256,-0.705224
-0.760946,-0.559138,-0.705126
-0.766047,-0.55961,-0.70542
-0.766387,-0.559374,-0.706206
-0.767917,-0.55961,-0.706696
-0.781178,-0.559256,-0.707285
-0.781178,-0.559138,-0.707776
-0.775908,-0.558725,-0.706893
-0.770807,-0.558902,-0.708365
-0.762816,-0.558607,-0.708266
-0.764856,-0.558843,-0.709051
-0.764346,-0.558784,-0.70915
-0.760266,-0.558372,-0.708365
-0.756695,-0.558018,-0.707776
-0.757546,-0.557782,-0.706402
-0.758056,-0.557723,-0.707187
-0.756355,-0.557074,-0.706991
-0.755845,-0.557192,-0.706598
-0.751595,-0.556897,-0.705813
-0.750575,-0.557192,-0.706991
-0.751085,-0.557369,-0.706991
-0.748194,-0.556956,-0.706402
-0.742244,-0.557133,-0.706598
-0.733403,-0.557133,-0.706893
-0.738163,-0.557192,-0.707187
-0.731532,-0.557133,-0.706598
-0.734763,-0.557605,-0.706107
-0.734423,-0.557192,-0.706893
-0.727962,-0.557546,-0.707678
-0.728472,-0.557605,-0.707481
-0.729152,-0.557605,-0.707678
-0.734083,-0.557959,-0.707678
-0.733403,-0.557959,-0.707579
-0.728302,-0.55902,-0.707776
-0.730852,-0.558961,-0.707972
-0.727622,-0.558372,-0.707579
-0.725582,-0.558843,-0.706991
-0.734593,-0.558961,-0.708365
-0.735783,-0.558784,-0.70807
-0.731022,-0.558548,-0.707678
-0.724222,-0.558431,-0.706893
-0.719971,-0.558254,-0.706304
-0.71555,-0.558725,-0.70493
-0.71453,-0.558607,-0.705715
-0.71436,-0.558431,-0.705911
-0.716061,-0.558548,-0.706009
-0.71538,-0.558489,-0.706598
-0.720141,-0.558489,-0.706206
-0.729152,-0.558784,-0.708168
-0.733403,-0.559138,-0.708168
-0.725072,-0.55902,-0.707579
-0.732382,-0.558902,-0.707089
-0.736293,-0.559197,-0.707187
-0.735443,-0.559138,-0.706696
-0.730172,-0.559315,-0.707089
-0.732553,-0.558548,-0.706991
-0.739863,-0.558961,-0.707285
-0.747344,-0.559138,-0.707089
-0.748534,-0.559492,-0.707678
-0.745814,-0.559787,-0.707678
-0.752445,-0.559728,-0.707678
-0.751595,-0.559846,-0.708168
-0.749044,-0.559669,-0.708365
-0.741394,-0.559138,-0.707874
-0.743944,-0.559256,-0.707383
-0.750235,-0.559551,-0.707874
-0.761966,-0.560553,-0.70807
-0.749385,-0.56073,-0.707972
-0.760096,-0.560258,-0.707678
-0.758396,-0.560494,-0.708266
-0.762136,-0.560494,-0.708266
-0.764856,-0.560671,-0.708266
-0.769447,-0.56073,-0.707776
-0.768767,-0.559964,-0.707089
-0.778968,-0.560082,-0.707285
-0.774888,-0.559315,-0.705617
-0.775908,-0.559374,-0.705813
-0.787299,-0.559905,-0.705617
-0.79784,-0.559787,-0.705715
-0.79291,-0.560435,-0.706402
-0.79512,-0.560848,-0.705911
-0.79512,-0.560966,-0.705519
-0.79835,-0.56132,-0.705715
-0.804131,-0.561261,-0.706107
-0.803111,-0.561556,-0.70542
-0.783389,-0.561143,-0.704734
-0.785769,-0.56132,-0.704635
-0.785429,-0.560848,-0.705028
-0.780328,-0.56073,-0.705224
-0.770977,-0.560494,-0.705126
-0.773527,-0.560376,-0.705224
-0.774378,-0.560258,-0.704439
-0.771147,-0.560553,-0.704145
-0.773187,-0.560671,-0.704145
-0.772677,-0.560966,-0.703556
-0.778118,-0.560494,-0.704047
-0.79733,-0.560671,-0.704145
-0.79291,-0.560612,-0.704047
-0.800221,-0.560671,-0.70385
-0.801921,-0.56014,-0.703654
-0.79597,-0.559728,-0.703163
-0.79716,-0.559905,-0.703163
-0.801921,-0.559905,-0.704243
-0.812292,-0.559787,-0.704145
-0.807531,-0.559905,-0.703752
-0.799881,-0.559846,-0.703556
-0.803791,-0.559728,-0.703556
-0.806171,-0.559728,-0.703654
-0.807361,-0.56014,-0.703948
-0.806851,-0.560258,-0.703752
-0.810592,-0.560258,-0.704243
-0.809572,-0.560376,-0.704145
-0.812462,-0.560494,-0.704537
-0.800731,-0.560258,-0.704047
-0.79189,-0.55961,-0.703065
-0.79563,-0.55961,-0.703458
-0.803451,-0.55902,-0.703752
-0.804981,-0.559551,-0.703752
-0.804301,-0.559964,-0.704145
-0.808552,-0.560317,-0.704243
-0.805151,-0.560317,-0.704243
-0.806851,-0.560317,-0.704734
-0.816543,-0.560317,-0.704439
-0.824704,-0.560612,-0.704047
-0.814162,-0.560494,-0.703948
-0.816033,-0.560258,-0.703752
-0.817393,-0.560376,-0.703654
-0.814842,-0.560435,-0.703163
-0.810082,-0.560435,-0.702673
-0.843066,-0.560376,-0.701986
-0.848506,-0.560082,-0.701986
-0.843406,-0.559787,-0.701299
-0.838985,-0.56014,-0.701397
-0.839665,-0.560199,-0.701691
-0.840345,-0.560258,-0.701691
-0.841366,-0.560082,-0.701201
-0.847316,-0.560376,-0.701495
-0.839155,-0.560023,-0.701299
-0.839495,-0.56014,-0.700612
-0.832354,-0.560199,-0.700416
-0.828954,-0.560082,-0.700514
-0.826234,-0.559905,-0.701103
-0.832524,-0.560023,-0.701397
-0.833035,-0.560082,-0.701103
-0.833205,-0.55961,-0.701201
-0.836605,-0.55961,-0.701986
-0.836775,-0.559846,-0.700514
-0.842556,-0.560082,-0.701004
-0.843916,-0.560199,-0.703262
-0.841536,-0.559905,-0.702575
-0.845616,-0.560199,-0.703752
-0.842386,-0.560023,-0.703654
-0.844766,-0.559669,-0.703262
-0.846466,-0.55961,-0.703458
-0.852077,-0.559551,-0.703556
-0.857517,-0.55961,-0.702967
-0.851737,-0.559433,-0.70228
-0.854627,-0.559433,-0.701593
-0.852077,-0.559492,-0.701201
-0.851397,-0.559374,-0.701103
-0.848166,-0.559551,-0.700612
-0.853097,-0.559492,-0.700612
-0.853267,-0.559492,-0.70071
-0.851057,-0.559492,-0.702084
-0.845276,-0.55961,-0.703163
-0.838985,-0.559787,-0.703262
-0.839495,-0.559846,-0.703262
-0.840855,-0.559669,-0.702673
-0.840515,-0.559964,-0.702673
-0.835755,-0.559846,-0.70228
-0.834905,-0.559964,-0.701691
-0.836095,-0.559846,-0.701495
-0.840855,-0.55961,-0.701299
-0.845786,-0.559374,-0.701397
-0.852927,-0.559964,-0.697472
-0.852417,-0.56014,-0.697177
-0.851227,-0.560317,-0.699336
-0.853437,-0.560199,-0.698747
-0.855817,-0.559905,-0.69914
-0.854287,-0.559905,-0.698845
-0.853947,-0.559669,-0.699729
-0.849356,-0.559374,-0.698845
-0.850037,-0.559433,-0.697668
-0.852417,-0.55902,-0.69757
-0.857687,-0.559374,-0.697864
-0.854287,-0.559197,-0.696392
-0.866529,-0.559433,-0.69649
-0.872139,-0.559787,-0.695509
-0.872819,-0.559728,-0.69492
-0.868569,-0.559728,-0.69335
-0.864828,-0.559256,-0.692859
-0.865168,-0.558666,-0.693252
-0.863638,-0.558489,-0.692172
-0.859048,-0.558607,-0.692761
-0.852247,-0.558372,-0.690308
-0.845616,-0.558077,-0.690897
-0.847486,-0.558254,-0.691387
-0.844256,-0.558018,-0.690798
-0.841876,-0.557959,-0.690504
-0.836265,-0.558018,-0.687266
-0.837455,-0.558254,-0.689915
-0.834735,-0.5579,-0.689719
-0.836775,-0.5579,-0.680789
-0.838815,-0.557015,-0.67598
-0.837795,-0.557428,-0.668816
-0.843576,-0.557133,-0.67176
-0.851397,-0.556839,-0.670681
-0.848506,-0.556897,-0.665872
-0.849186,-0.556603,-0.666363
-0.844086,-0.556603,-0.667344
-0.845786,-0.556426,-0.668914
-0.844936,-0.557133,-0.669111
-0.844426,-0.556839,-0.665578
-0.842896,-0.556956,-0.662732
-0.844766,-0.556956,-0.653998
-0.843066,-0.557074,-0.657727
-0.839495,-0.556839,-0.657531
-0.840515,-0.557015,-0.662241
-0.840005,-0.557074,-0.665676
-0.840685,-0.557015,-0.664204
-0.842896,-0.557428,-0.663812
-0.846466,-0.55731,-0.662536
-0.844596,-0.557074,-0.659494
-0.846126,-0.557074,-0.660769
-0.846806,-0.557428,-0.6644
-0.849697,-0.557605,-0.662241
-0.847656,-0.557192,-0.661947
-0.850887,-0.557192,-0.660573
-0.849867,-0.557015,-0.659395
-0.849867,-0.557133,-0.65861
-0.854457,-0.556544,-0.657727
-0.857687,-0.557074,-0.660377
-0.859558,-0.557133,-0.661064
-0.865168,-0.557487,-0.659788
-0.865168,-0.557369,-0.659199
-0.867549,-0.557487,-0.65704
-0.869759,-0.557664,-0.654783
-0.868399,-0.557605,-0.655961
-0.861768,-0.557546,-0.649582
-0.856837,-0.557546,-0.649189
-0.855647,-0.557487,-0.650858
-0.857517,-0.557369,-0.647619
-0.858708,-0.557428,-0.646638
-0.854797,-0.557369,-0.64546
-0.855647,-0.557074,-0.646245
-0.852247,-0.556839,-0.644086
-0.852757,-0.55678,-0.641241
-0.852247,-0.556839,-0.643007
-0.850717,-0.556721,-0.654881
-0.850717,-0.556839,-0.647521
-0.849867,-0.556897,-0.648306
-0.853437,-0.557369,-0.647914
-0.852757,-0.557369,-0.646147
-0.856667,-0.557369,-0.645951
-0.845276,-0.557369,-0.646638
-0.846466,-0.55731,-0.645068
-0.845106,-0.557428,-0.641535
-0.841536,-0.557428,-0.638198
-0.838645,-0.557133,-0.640063
-0.838985,-0.557074,-0.638395
-0.836775,-0.55678,-0.637511
-0.833715,-0.556603,-0.635941
-0.830144,-0.556544,-0.631525
-0.832354,-0.556839,-0.633194
-0.832524,-0.556839,-0.638395
-0.833035,-0.556721,-0.625833
-0.836435,-0.557015,-0.626128
-0.829634,-0.557192,-0.629759
-0.817903,-0.557074,-0.631035
-0.813142,-0.556249,-0.635058
-0.813482,-0.556131,-0.634862
-0.811102,-0.556013,-0.633292
-0.808382,-0.556367,-0.631427
-0.811782,-0.556249,-0.628385
-0.811102,-0.556367,-0.629464
-0.810762,-0.556249,-0.623478
-0.811782,-0.556249,-0.620338
-0.810762,-0.55619,-0.618768
-0.818413,-0.556485,-0.617001
-0.817223,-0.556485,-0.617296
-0.816713,-0.556544,-0.61759
-0.819093,-0.556544,-0.615628
-0.818413,-0.556544,-0.615726
-0.813142,-0.556308,-0.614646
-0.814842,-0.556308,-0.615039
-0.813312,-0.556367,-0.617001
-0.809232,-0.556013,-0.621123
-0.815182,-0.5556,-0.617394
-0.829464,-0.555188,-0.619258
-0.826744,-0.555247,-0.618277
-0.830994,-0.55507,-0.617885
-0.838815,-0.55507,-0.617198
-0.835925,-0.555011,-0.617492
-0.830994,-0.554834,-0.617492
-0.827084,-0.554893,-0.609838
-0.829634,-0.55507,-0.606207
-0.817393,-0.555305,-0.607777
-0.818073,-0.555247,-0.606894
-0.822153,-0.555188,-0.605029
-0.819603,-0.555247,-0.602772
-0.821473,-0.555423,-0.6013
-0.824704,-0.555423,-0.59973
-0.818753,-0.555423,-0.599926
-0.817903,-0.555423,-0.607875
-0.821133,-0.555659,-0.61288
-0.821303,-0.555364,-0.607777
-0.818923,-0.555364,-0.606501
-0.822493,-0.555541,-0.611898
-0.819433,-0.555895,-0.615824
-0.817903,-0.555659,-0.613076
-0.816203,-0.555836,-0.609347
-0.814502,-0.555541,-0.60866
-0.813142,-0.5556,-0.605912
-0.811782,-0.555364,-0.606108
-0.810082,-0.555305,-0.606599
-0.807702,-0.55507,-0.606207
-0.801071,-0.555011,-0.613272
-0.801921,-0.555129,-0.613959
-0.7992,-0.555482,-0.618572
-0.79563,-0.555659,-0.612978
-0.79869,-0.555836,-0.615235
-0.79665,-0.555895,-0.619651
-0.803621,-0.555895,-0.61867
-0.7992,-0.555895,-0.622104
-0.800391,-0.555954,-0.621614
-0.801751,-0.555836,-0.620142
-0.79835,-0.556426,-0.611604
-0.79903,-0.556485,-0.610525
-0.799711,-0.556308,-0.627306
-0.804301,-0.556839,-0.634764
-0.799881,-0.555423,-0.635941
-0.800731,-0.555247,-0.631525
-0.800221,-0.555188,-0.636039
-0.799881,-0.554598,-0.635451
-0.79597,-0.55448,-0.636236
-0.79767,-0.554598,-0.63761
-0.800901,-0.555129,-0.646638
-0.800561,-0.555482,-0.643694
-0.802941,-0.555777,-0.647031
-0.799711,-0.5556,-0.646344
-0.800391,-0.555836,-0.646834
-0.79818,-0.555364,-0.647129
-0.79308,-0.555188,-0.647423
-0.786449,-0.555129,-0.643203
-0.781008,-0.555247,-0.642909
-0.783729,-0.55507,-0.64497
-0.775568,-0.55507,-0.631525
-0.776418,-0.554775,-0.635353
-0.774888,-0.555129,-0.634273
-0.778968,-0.555423,-0.636334
-0.775568,-0.555777,-0.633586
-0.776078,-0.555305,-0.633194
-0.778288,-0.555541,-0.634862
-0.778798,-0.555954,-0.629759
-0.782028,-0.556072,-0.629661
-0.780328,-0.556013,-0.629464
-0.781688,-0.555954,-0.62652
-0.783899,-0.555659,-0.629366
-0.787299,-0.555541,-0.634175
-0.784919,-0.555129,-0.632507
-0.773697,-0.555011,-0.63231
-0.774888,-0.554952,-0.627207
-0.776928,-0.555129,-0.62446
-0.778968,-0.555011,-0.627404
-0.781858,-0.554716,-0.62652
-0.778458,-0.554657,-0.627796
-0.782709,-0.554893,-0.627992
-0.789169,-0.555129,-0.628385
-0.787469,-0.554834,-0.630053
-0.789679,-0.55448,-0.628483
-0.787809,-0.554185,-0.627207
-0.79155,-0.55507,-0.629661
-0.79342,-0.55507,-0.630936
-0.79189,-0.5556,-0.635058
-0.786279,-0.554893,-0.62073
-0.780328,-0.554657,-0.618866
-0.782028,-0.554598,-0.614352
-0.789339,-0.554716,-0.615039
-0.784749,-0.554598,-0.610623
-0.783559,-0.554657,-0.609445
-0.781008,-0.554716,-0.607482
-0.786449,-0.555305,-0.611997
-0.784069,-0.555423,-0.615235
-0.807361,-0.555247,-0.609543
-0.810422,-0.555423,-0.611604
-0.810932,-0.55507,-0.606599
-0.810592,-0.555129,-0.60758
-0.810082,-0.555423,-0.610328
-0.806171,-0.555305,-0.609249
-0.804131,-0.555482,-0.612095
-0.802601,-0.555188,-0.609543
-0.79869,-0.554893,-0.604146
-0.79376,-0.554834,-0.597669
-0.790019,-0.554362,-0.597571
-0.790019,-0.553537,-0.598454
-0.785599,-0.552829,-0.595608
-0.785769,-0.552062,-0.596491
-0.784749,-0.552062,-0.592958
-0.789339,-0.551709,-0.599533
-0.79257,-0.550824,-0.588837
-0.7958,-0.551001,-0.589131
-0.79461,-0.550647,-0.583832
-0.7975,-0.550765,-0.564009
-0.800051,-0.550824,-0.560672
-0.79444,-0.551119,-0.560967
-0.79529,-0.551296,-0.56607
-0.79444,-0.551414,-0.562341
-0.79257,-0.551119,-0.559495
-0.79206,-0.550883,-0.560967
-0.79291,-0.551296,-0.56077
-0.79308,-0.551296,-0.565186
-0.79274,-0.55165,-0.569995
-0.790019,-0.551414,-0.572841
-0.789679,-0.551355,-0.568229
-0.79291,-0.55218,-0.570682
-0.79614,-0.552062,-0.575098
-0.79495,-0.552062,-0.573135
-0.79257,-0.551473,-0.56921
-0.79257,-0.551001,-0.571958
-0.79393,-0.551001,-0.572546
-0.79172,-0.55106,-0.576472
-0.788319,-0.551178,-0.582164
-0.785259,-0.551178,-0.581967
-0.787979,-0.551768,-0.586874
-0.789339,-0.552121,-0.590603
-0.789509,-0.551945,-0.587267
-0.789679,-0.551945,-0.589818
-0.786959,-0.550883,-0.584323
-0.786619,-0.55106,-0.575589
-0.788489,-0.550765,-0.578729
-0.79223,-0.551591,-0.587365
-0.79682,-0.551532,-0.590505
-0.79682,-0.550588,-0.585304
-0.79308,-0.550647,-0.584323
-0.79665,-0.551296,-0.592664
-0.79886,-0.55165,-0.59286
-0.79767,-0.551355,-0.596589
-0.799711,-0.551178,-0.599337
-0.7992,-0.551119,-0.596001
-0.79597,-0.551001,-0.596589
-0.79257,-0.550824,-0.592468
-0.7924,-0.550588,-0.583145
-0.79597,-0.550294,-0.590113
-0.773017,-0.550058,-0.590211
-0.770807,-0.550765,-0.59551
-0.759076,-0.550883,-0.596393
-0.759926,-0.550824,-0.590898
-0.761116,-0.551119,-0.590211
-0.760436,-0.551001,-0.590309
-0.759756,-0.551178,-0.588248
-0.755335,-0.550942,-0.584519
-0.758906,-0.551473,-0.590603
-0.759926,-0.551414,-0.594529
-0.760606,-0.551119,-0.609347
-0.761796,-0.551709,-0.606992
-0.757886,-0.551001,-0.605422
-0.757375,-0.551414,-0.601791
-0.757375,-0.55165,-0.601496
-0.760096,-0.551827,-0.60287
-0.755335,-0.551827,-0.600907
-0.751595,-0.55106,-0.597963
-0.751595,-0.551355,-0.598454
-0.750745,-0.551355,-0.595706
-0.750235,-0.551237,-0.592173
-0.746494,-0.551001,-0.590603
-0.740373,-0.550529,-0.587855
-0.741224,-0.550294,-0.588641
-0.735103,-0.550353,-0.588641
-0.736293,-0.550294,-0.590309
-0.738673,-0.550353,-0.592272
-0.733913,-0.55047,-0.592173
-0.730002,-0.55047,-0.592762
-0.728642,-0.550353,-0.590898
-0.729662,-0.550235,-0.590014
-0.724051,-0.550235,-0.591879
-0.722011,-0.550058,-0.593842
-0.723371,-0.549704,-0.592468
-0.729322,-0.549527,-0.593057
-0.733063,-0.549527,-0.591192
-0.729662,-0.549586,-0.579318
-0.730172,-0.549409,-0.574705
-0.729832,-0.549468,-0.577649
-0.731022,-0.550058,-0.577159
